   3.0292910e-01	   1.5620840e-01	   1.2164366e-01	   1.0683370e-01	   1.0460997e-01	   1.0323709e-01	   1.0096556e-01	   9.5650434e-02	   8.9023318e-02	   8.5238218e-02	   8.2498312e-02	   7.3460639e-02	   6.0984969e-02	   4.9185812e-02	   4.0541708e-02	   3.4852445e-02	   2.8749287e-02	   2.3248672e-02	   1.8400073e-02	   1.4282286e-02	
   4.4835854e-01	   2.2662622e-01	   1.7624307e-01	   1.5440047e-01	   1.4095509e-01	   1.3241559e-01	   1.2397152e-01	   1.1867255e-01	   1.1430052e-01	   1.1313051e-01	   1.0697591e-01	   9.0798676e-02	   7.4070632e-02	   6.0461044e-02	   4.7973037e-02	   3.8004518e-02	   2.8716922e-02	   2.3231574e-02	   1.9237161e-02	   1.5520275e-02	
   3.4491569e-01	   2.3697311e-01	   2.0158988e-01	   1.8262202e-01	   1.6777140e-01	   1.5168589e-01	   1.4205402e-01	   1.3119817e-01	   1.1947250e-01	   1.0685819e-01	   9.2221498e-02	   7.7004731e-02	   6.1497509e-02	   4.9297571e-02	   3.8711250e-02	   3.2164037e-02	   2.4839997e-02	   2.0876544e-02	   1.8055916e-02	   1.5683174e-02	
   3.6367214e-01	   2.2973615e-01	   1.8880510e-01	   1.6712153e-01	   1.5418535e-01	   1.4414072e-01	   1.3447356e-01	   1.2187845e-01	   1.1320850e-01	   1.0687947e-01	   9.9458933e-02	   8.5772455e-02	   7.2169065e-02	   6.1726034e-02	   5.1267922e-02	   3.9787233e-02	   2.9708087e-02	   2.3862839e-02	   1.9629538e-02	   1.6852438e-02	
   3.8474518e-01	   2.1024287e-01	   1.6795576e-01	   1.4837593e-01	   1.3511616e-01	   1.2511849e-01	   1.1924982e-01	   1.1803573e-01	   1.1715800e-01	   1.1654234e-01	   1.1370748e-01	   9.9006653e-02	   8.4294200e-02	   7.1136594e-02	   6.0525298e-02	   5.2268147e-02	   4.4011831e-02	   3.9445400e-02	   3.4307182e-02	   2.9797196e-02	
   4.2418200e-01	   2.6866460e-01	   2.5047570e-01	   2.5720412e-01	   2.7473152e-01	   2.9678929e-01	   3.2196152e-01	   3.4440809e-01	   3.6907244e-01	   3.9899367e-01	   4.1113162e-01	   3.8706917e-01	   3.6180401e-01	   3.3186162e-01	   3.0090320e-01	   2.7141285e-01	   2.4135929e-01	   2.1808277e-01	   1.9472253e-01	   1.7176533e-01	
   3.6915231e-01	   1.8465042e-01	   1.5529341e-01	   1.4450884e-01	   1.3462031e-01	   1.2512487e-01	   1.1567211e-01	   1.1107457e-01	   1.0660573e-01	   9.9883199e-02	   9.1255963e-02	   7.8443348e-02	   6.6188037e-02	   5.6554854e-02	   4.8994303e-02	   4.2603850e-02	   3.7112713e-02	   3.3796855e-02	   3.0969977e-02	   2.6593089e-02	
   2.9691046e-01	   2.3629916e-01	   2.1983719e-01	   2.1032113e-01	   2.0129019e-01	   1.9179893e-01	   1.8218273e-01	   1.7213231e-01	   1.6366734e-01	   1.5094888e-01	   1.2962687e-01	   1.0682100e-01	   8.6817265e-02	   7.0374250e-02	   5.7413042e-02	   4.6650112e-02	   3.8197875e-02	   3.2487392e-02	   2.8544247e-02	   2.6116192e-02	
   2.4417228e-01	   1.8956417e-01	   1.7479450e-01	   1.7087066e-01	   1.7023832e-01	   1.6969025e-01	   1.6703564e-01	   1.6124684e-01	   1.5471949e-01	   1.5102249e-01	   1.3944322e-01	   1.1388844e-01	   8.7643266e-02	   6.7139566e-02	   5.1085532e-02	   3.8584113e-02	   2.8513372e-02	   2.2650923e-02	   1.6426742e-02	   1.1218131e-02	
   1.5251350e-01	   1.3230342e-01	   1.1465716e-01	   9.7154379e-02	   8.3109617e-02	   6.9730461e-02	   5.7289600e-02	   4.7832608e-02	   3.9050443e-02	   3.1725705e-02	   2.5778055e-02	   1.9171834e-02	   1.3417184e-02	   9.3293786e-03	   6.4052939e-03	   4.5604706e-03	   3.4018755e-03	   2.9429708e-03	   2.5542378e-03	   2.1233559e-03	
   2.9397798e-01	   1.5991139e-01	   1.2828207e-01	   1.1560255e-01	   1.1597329e-01	   1.2225431e-01	   1.2258565e-01	   1.2106186e-01	   1.1900575e-01	   1.1720699e-01	   1.1171287e-01	   9.6319497e-02	   7.7775061e-02	   6.1655462e-02	   4.8855007e-02	   3.7014186e-02	   2.7626991e-02	   1.9991466e-02	   1.5082777e-02	   1.1422515e-02	
   2.8435326e-01	   1.4649445e-01	   1.1211568e-01	   9.4162881e-02	   8.0008805e-02	   7.0916653e-02	   6.5797687e-02	   6.4729869e-02	   6.4769404e-02	   5.7575941e-02	   4.1611493e-02	   2.9746532e-02	   2.0337999e-02	   1.3512135e-02	   9.2257261e-03	   6.0097575e-03	   3.9122105e-03	   2.7386120e-03	   2.1693110e-03	   1.2750626e-03	
   2.8698283e-01	   1.4898366e-01	   1.1255026e-01	   9.8160565e-02	   9.0266109e-02	   8.4932804e-02	   8.6785674e-02	   8.9908838e-02	   9.5257146e-02	   9.0739727e-02	   7.5779200e-02	   6.0677469e-02	   4.7556162e-02	   3.6043823e-02	   2.6219010e-02	   1.8763065e-02	   1.3671339e-02	   9.9084718e-03	   6.7089200e-03	   3.9374828e-03	
   3.1527156e-01	   2.6562172e-01	   2.5159818e-01	   2.4360561e-01	   2.3934036e-01	   2.3219508e-01	   2.2701377e-01	   2.2228777e-01	   2.1350418e-01	   2.0833158e-01	   1.9753462e-01	   1.8613219e-01	   1.7554700e-01	   1.6510493e-01	   1.5845621e-01	   1.4801472e-01	   1.4038950e-01	   1.3165399e-01	   1.2651807e-01	   1.2139565e-01	
   2.9531020e-01	   2.5106925e-01	   2.3501813e-01	   2.2418475e-01	   2.1981776e-01	   2.1190464e-01	   2.0418489e-01	   1.9667017e-01	   1.9066674e-01	   1.8410742e-01	   1.7745811e-01	   1.6596985e-01	   1.5769833e-01	   1.4951551e-01	   1.4248723e-01	   1.3343394e-01	   1.2653774e-01	   1.2575013e-01	   1.2445462e-01	   1.2444240e-01	
   4.2299867e-01	   3.5667008e-01	   3.3679336e-01	   3.2824695e-01	   3.2962525e-01	   3.2639271e-01	   3.2465118e-01	   3.2031977e-01	   3.1411716e-01	   3.0887157e-01	   2.9610431e-01	   2.7101135e-01	   2.4590176e-01	   2.2094071e-01	   1.9872034e-01	   1.7781752e-01	   1.6059530e-01	   1.4862238e-01	   1.3885176e-01	   1.2950504e-01	
   3.4329331e-01	   3.0093062e-01	   2.9482448e-01	   2.9841471e-01	   3.0720907e-01	   3.1168449e-01	   3.1190217e-01	   3.1607330e-01	   3.2172060e-01	   3.2307279e-01	   3.1264925e-01	   2.7396905e-01	   2.4185330e-01	   2.1238422e-01	   1.8646240e-01	   1.6189879e-01	   1.3962448e-01	   1.2199736e-01	   1.0718548e-01	   9.3421221e-02	
   3.7189656e-01	   3.2901192e-01	   3.1506443e-01	   3.0687058e-01	   3.0222154e-01	   2.9261583e-01	   2.7928609e-01	   2.6010573e-01	   2.4339042e-01	   2.2864991e-01	   2.1006542e-01	   1.8725979e-01	   1.6719306e-01	   1.4924216e-01	   1.3392955e-01	   1.2194431e-01	   1.1221945e-01	   1.0473878e-01	   9.9183679e-02	   9.2911959e-02	
   4.0190917e-01	   3.3947122e-01	   3.2019407e-01	   3.1287158e-01	   3.1141043e-01	   3.0405962e-01	   2.9352540e-01	   2.8456807e-01	   2.7268614e-01	   2.5704950e-01	   2.3594111e-01	   2.0743072e-01	   1.8009651e-01	   1.5436572e-01	   1.2894779e-01	   1.0892522e-01	   9.0603828e-02	   7.5910841e-02	   6.4805984e-02	   5.7361066e-02	
   2.8884429e-01	   1.5622598e-01	   1.2684816e-01	   1.2024629e-01	   1.2030214e-01	   1.1681706e-01	   1.1614347e-01	   1.1039609e-01	   1.0392509e-01	   9.6822023e-02	   8.9005351e-02	   7.9440951e-02	   6.7453980e-02	   5.9271872e-02	   5.1802874e-02	   4.7550678e-02	   4.3137074e-02	   4.1011810e-02	   3.8962245e-02	   3.8426042e-02	
   2.6037484e-01	   1.4946342e-01	   1.2456614e-01	   1.1797047e-01	   1.1827236e-01	   1.1477846e-01	   1.1356944e-01	   1.0726106e-01	   1.0132790e-01	   9.6191466e-02	   9.1345370e-02	   8.0924094e-02	   6.8769753e-02	   5.9060633e-02	   5.1569819e-02	   4.6404064e-02	   4.1572213e-02	   4.1077614e-02	   3.9282620e-02	   3.8685858e-02	
   3.1474447e-01	   1.6255581e-01	   1.2743706e-01	   1.1366385e-01	   1.1183947e-01	   1.1704862e-01	   1.1879683e-01	   1.1562532e-01	   1.1314787e-01	   1.0980874e-01	   1.0678059e-01	   9.8172545e-02	   8.4003389e-02	   7.1087539e-02	   6.1623096e-02	   5.3461313e-02	   4.6480358e-02	   4.2032514e-02	   3.8610876e-02	   3.6994576e-02	
   3.7491983e-01	   2.1563274e-01	   1.7479151e-01	   1.6258031e-01	   1.5823603e-01	   1.5655494e-01	   1.5843594e-01	   1.5343195e-01	   1.4766026e-01	   1.4199251e-01	   1.3477188e-01	   1.3200146e-01	   1.2822139e-01	   1.1870039e-01	   1.0745364e-01	   9.5082402e-02	   8.3110392e-02	   7.2917530e-02	   6.2475264e-02	   5.2211761e-02	
   4.8218596e-01	   3.3253294e-01	   2.8362846e-01	   2.6314378e-01	   2.5407118e-01	   2.4590576e-01	   2.3487318e-01	   2.2142774e-01	   2.0790032e-01	   1.9337606e-01	   1.8112761e-01	   1.6590661e-01	   1.4934444e-01	   1.2568718e-01	   1.0198325e-01	   8.1805646e-02	   6.4623177e-02	   5.1976408e-02	   4.0427625e-02	   3.2308757e-02	
   4.5544696e-01	   3.2628906e-01	   2.9037291e-01	   2.7723902e-01	   2.6884747e-01	   2.6149625e-01	   2.5371802e-01	   2.4585348e-01	   2.3777478e-01	   2.2899109e-01	   2.2291446e-01	   2.1716750e-01	   2.0895272e-01	   1.9419992e-01	   1.7615271e-01	   1.5900183e-01	   1.4014828e-01	   1.2481635e-01	   1.1098379e-01	   9.7739398e-02	
   4.3187934e-01	   3.1686789e-01	   2.8577441e-01	   2.7598655e-01	   2.7159476e-01	   2.6463056e-01	   2.5770396e-01	   2.5047284e-01	   2.4297796e-01	   2.3031604e-01	   2.2291970e-01	   2.1613991e-01	   2.0618713e-01	   1.9316077e-01	   1.7477882e-01	   1.5475303e-01	   1.3600075e-01	   1.2151963e-01	   1.0675311e-01	   9.2160881e-02	
   4.5415014e-01	   3.4839672e-01	   3.1439364e-01	   2.9054856e-01	   2.7680916e-01	   2.6116091e-01	   2.4408913e-01	   2.2638273e-01	   2.0776428e-01	   1.8873876e-01	   1.6800308e-01	   1.5139180e-01	   1.3174516e-01	   1.1263806e-01	   9.3428433e-02	   7.7023745e-02	   6.3465476e-02	   5.2809783e-02	   4.3449521e-02	   3.4492552e-02	
   4.8414809e-01	   3.3721274e-01	   3.0879134e-01	   2.9832143e-01	   2.8765881e-01	   2.7619648e-01	   2.5947827e-01	   2.4294990e-01	   2.2657047e-01	   2.1297616e-01	   2.0035815e-01	   1.8915409e-01	   1.7510831e-01	   1.5222359e-01	   1.2883133e-01	   1.1035645e-01	   9.3163133e-02	   7.8786577e-02	   6.8885207e-02	   5.8977604e-02	
   4.3782800e-01	   3.1238699e-01	   2.8544444e-01	   2.7257407e-01	   2.6453573e-01	   2.5790620e-01	   2.5120878e-01	   2.4042314e-01	   2.3458113e-01	   2.2708982e-01	   2.2272938e-01	   2.1944231e-01	   2.1405464e-01	   1.9544202e-01	   1.6948009e-01	   1.4331347e-01	   1.1977655e-01	   1.0265636e-01	   8.6194575e-02	   7.0959687e-02	
   4.3959504e-01	   3.3154255e-01	   2.9991889e-01	   2.8719705e-01	   2.8142476e-01	   2.7340579e-01	   2.6651877e-01	   2.5809050e-01	   2.4621834e-01	   2.2980040e-01	   2.0704871e-01	   1.8366414e-01	   1.6161162e-01	   1.3996994e-01	   1.2039578e-01	   1.0162681e-01	   8.2391679e-02	   6.9779941e-02	   5.8015406e-02	   4.7878563e-02	
   3.6557722e-01	   2.8818756e-01	   2.6862133e-01	   2.6533246e-01	   2.6526028e-01	   2.7287507e-01	   2.8040040e-01	   2.8063077e-01	   2.7674620e-01	   2.7366394e-01	   2.6749820e-01	   2.4471211e-01	   2.2324085e-01	   1.9309205e-01	   1.6685945e-01	   1.4570361e-01	   1.2832433e-01	   1.1209576e-01	   9.8507106e-02	   8.5049570e-02	
   3.5778797e-01	   2.4248731e-01	   1.9849491e-01	   1.7978257e-01	   1.7280948e-01	   1.6552347e-01	   1.5712678e-01	   1.4995730e-01	   1.4231716e-01	   1.3389480e-01	   1.2277383e-01	   1.1528641e-01	   1.0960054e-01	   1.0146558e-01	   9.0166271e-02	   7.8522980e-02	   6.7106903e-02	   5.7341916e-02	   4.9354315e-02	   4.3518901e-02	
   3.0119604e-01	   2.0607692e-01	   1.8135709e-01	   1.7333829e-01	   1.7351520e-01	   1.7479730e-01	   1.7893833e-01	   1.8052351e-01	   1.7617764e-01	   1.7037642e-01	   1.6576344e-01	   1.5964192e-01	   1.5341049e-01	   1.4246869e-01	   1.2760752e-01	   1.1209261e-01	   9.7323060e-02	   8.6458274e-02	   7.8155279e-02	   6.9157481e-02	
   3.5709983e-01	   2.6380348e-01	   2.4018812e-01	   2.3419017e-01	   2.3423141e-01	   2.3653859e-01	   2.4254131e-01	   2.5201178e-01	   2.5648614e-01	   2.5919098e-01	   2.5836164e-01	   2.5665432e-01	   2.5038350e-01	   2.3110569e-01	   2.0911461e-01	   1.8693858e-01	   1.6339314e-01	   1.4471824e-01	   1.2950408e-01	   1.1206549e-01	
   4.6812463e-01	   3.1288475e-01	   2.8405726e-01	   2.7290910e-01	   2.6786083e-01	   2.6798981e-01	   2.7463269e-01	   2.8366095e-01	   2.9201596e-01	   2.9415351e-01	   2.9707843e-01	   3.0461955e-01	   3.0848712e-01	   2.8492117e-01	   2.5024092e-01	   2.1357113e-01	   1.8031013e-01	   1.5330682e-01	   1.2860721e-01	   1.0716909e-01	
   9.4558477e-02	   3.2272816e-02	   1.9108176e-02	   1.2296438e-02	   1.0170341e-02	   7.1772933e-03	   4.3064952e-03	   2.2832751e-03	   1.1100769e-03	   4.3505430e-04	   1.0675192e-04	   1.0669231e-05	   0.0000000e+00	   0.0000000e+00	   0.0000000e+00	   0.0000000e+00	   0.0000000e+00	   0.0000000e+00	   0.0000000e+00	   0.0000000e+00	
   1.8793458e-01	   8.1192374e-02	   6.4838111e-02	   6.0797095e-02	   6.1887681e-02	   5.5901587e-02	   3.6279619e-02	   2.1228731e-02	   1.1333193e-02	   5.2574873e-03	   2.1356940e-03	   8.4406137e-04	   2.7531385e-04	   1.2636185e-05	   0.0000000e+00	   0.0000000e+00	   0.0000000e+00	   0.0000000e+00	   0.0000000e+00	   0.0000000e+00	
   1.7498112e-01	   9.8623991e-02	   7.7203155e-02	   6.7319453e-02	   6.7754745e-02	   6.4164698e-02	   4.4618249e-02	   3.0960381e-02	   2.0405633e-02	   1.2802422e-02	   7.8172088e-03	   4.3728352e-03	   2.3171902e-03	   7.7289343e-04	   4.0769577e-04	   2.3978949e-04	   9.5069408e-05	   1.1239733e-05	   0.0000000e+00	   0.0000000e+00	
   2.0119506e-01	   1.0321146e-01	   7.9502225e-02	   7.1756124e-02	   6.7015529e-02	   5.8630168e-02	   4.0450752e-02	   2.6706457e-02	   1.7631939e-02	   1.1561751e-02	   7.1380734e-03	   4.2220354e-03	   2.1637082e-03	   8.4382296e-04	   2.2536516e-04	   1.6278028e-04	   6.8843365e-05	   6.4032418e-06	   0.0000000e+00	   0.0000000e+00	
   1.8702686e-01	   6.9625437e-02	   4.2455256e-02	   3.2401621e-02	   2.7770162e-02	   2.3025274e-02	   1.5903771e-02	   1.0289073e-02	   7.3858670e-03	   5.0547719e-03	   2.8330684e-03	   1.3939738e-03	   8.0311298e-04	   5.3316355e-04	   2.5063753e-04	   4.8398972e-05	   1.0728836e-06	   0.0000000e+00	   0.0000000e+00	   0.0000000e+00	
   1.2803513e-01	   6.6427529e-02	   4.5497000e-02	   3.5583079e-02	   2.8522491e-02	   2.3125112e-02	   1.5293062e-02	   1.0649621e-02	   7.8847749e-03	   4.9371719e-03	   2.9855371e-03	   1.4815331e-03	   8.1354380e-04	   5.1969290e-04	   4.7010183e-04	   3.3819675e-04	   1.9478798e-04	   6.2942505e-05	   9.1791153e-06	   0.0000000e+00	
   1.1345369e-01	   6.8425834e-02	   5.3590298e-02	   4.7672391e-02	   4.2334914e-02	   3.5263836e-02	   2.4562716e-02	   1.7511606e-02	   1.3185910e-02	   9.0484619e-03	   5.3471327e-03	   2.4288297e-03	   8.0525875e-04	   2.0873547e-04	   4.4524670e-05	   1.4305115e-06	   0.0000000e+00	   0.0000000e+00	   0.0000000e+00	   0.0000000e+00	
   1.0291028e-01	   6.0947001e-02	   4.5534790e-02	   3.6288261e-02	   2.9584646e-02	   2.2708893e-02	   1.3968349e-02	   7.7779889e-03	   5.1847867e-03	   3.3705235e-03	   1.9162893e-03	   6.4444542e-04	   6.1631203e-05	   0.0000000e+00	   0.0000000e+00	   0.0000000e+00	   0.0000000e+00	   0.0000000e+00	   0.0000000e+00	   0.0000000e+00	
   1.3030577e-01	   6.3564420e-02	   4.2127550e-02	   3.0990541e-02	   2.2268653e-02	   1.5477359e-02	   1.0743082e-02	   7.7455640e-03	   6.0268811e-03	   5.0127506e-03	   3.2772422e-03	   1.7983913e-03	   9.3984604e-04	   4.9942732e-04	   1.4621019e-04	   1.7201900e-04	   1.9556284e-04	   1.4707020e-04	   5.7637691e-05	   5.4419041e-05	
   1.1652339e-01	   4.9922705e-02	   3.4663022e-02	   2.6407838e-02	   1.9834638e-02	   1.4604211e-02	   9.6005201e-03	   5.7072639e-03	   3.9804322e-03	   2.6702881e-03	   1.6131997e-03	   7.1012974e-04	   1.3077259e-04	   3.4570694e-06	   0.0000000e+00	   0.0000000e+00	   0.0000000e+00	   0.0000000e+00	   0.0000000e+00	   0.0000000e+00	
   9.5055401e-02	   5.5890858e-02	   4.3276668e-02	   3.5608411e-02	   3.0141532e-02	   2.4086535e-02	   1.6618073e-02	   1.0564506e-02	   6.2781061e-03	   4.2650700e-03	   2.1412373e-03	   6.6000223e-04	   1.6802549e-04	   1.3232231e-05	   0.0000000e+00	   0.0000000e+00	   0.0000000e+00	   0.0000000e+00	   0.0000000e+00	   0.0000000e+00	
   1.0280561e-01	   6.7553103e-02	   5.1412463e-02	   3.8913012e-02	   2.9102385e-02	   2.0506442e-02	   1.3991714e-02	   9.1846585e-03	   6.6383907e-03	   4.3554902e-03	   2.9695034e-03	   1.6534925e-03	   7.1746111e-04	   1.8990040e-04	   2.4139881e-05	   0.0000000e+00	   0.0000000e+00	   0.0000000e+00	   0.0000000e+00	   0.0000000e+00	
   1.1666924e-01	   6.4552307e-02	   5.0506353e-02	   4.3017626e-02	   3.6525309e-02	   3.0404568e-02	   2.2336602e-02	   1.5238404e-02	   9.9786350e-03	   5.8602691e-03	   3.3186078e-03	   1.6274452e-03	   7.0637465e-04	   2.6959181e-04	   5.2571297e-05	   0.0000000e+00	   0.0000000e+00	   0.0000000e+00	   0.0000000e+00	   0.0000000e+00	
   1.3733798e-01	   6.7363977e-02	   5.3952694e-02	   4.7779202e-02	   4.2673886e-02	   3.4484208e-02	   2.4975717e-02	   1.7095208e-02	   1.1339869e-02	   6.8574548e-03	   4.8865080e-03	   3.4742951e-03	   2.3255348e-03	   1.4424920e-03	   1.1270642e-03	   8.9961290e-04	   4.4888258e-04	   2.2547586e-05	   0.0000000e+00	   0.0000000e+00	
   4.9557030e-02	   3.2338917e-02	   2.2017360e-02	   1.3391733e-02	   8.9191794e-03	   5.9618354e-03	   3.4033060e-03	   1.5910268e-03	   8.2193102e-04	   5.0181150e-04	   4.2474270e-04	   3.0452013e-04	   1.5866756e-04	   9.1850758e-05	   1.1503696e-05	   0.0000000e+00	   0.0000000e+00	   0.0000000e+00	   0.0000000e+00	   0.0000000e+00	
   7.4894249e-02	   4.5311511e-02	   3.0951142e-02	   1.9340456e-02	   1.0209858e-02	   5.4864287e-03	   2.2498965e-03	   6.2048435e-04	   2.4529866e-04	   1.9133091e-05	   0.0000000e+00	   0.0000000e+00	   0.0000000e+00	   0.0000000e+00	   0.0000000e+00	   0.0000000e+00	   0.0000000e+00	   0.0000000e+00	   0.0000000e+00	   0.0000000e+00	
   7.4481845e-02	   4.3545187e-02	   2.9082239e-02	   2.0258844e-02	   1.4190912e-02	   1.0755062e-02	   6.8914890e-03	   4.2839646e-03	   2.4843216e-03	   9.1129541e-04	   4.1413307e-04	   1.2803078e-04	   2.1278858e-05	   0.0000000e+00	   0.0000000e+00	   0.0000000e+00	   0.0000000e+00	   0.0000000e+00	   0.0000000e+00	   0.0000000e+00	
   5.6752503e-02	   3.3578753e-02	   2.2683144e-02	   1.3921797e-02	   7.6422095e-03	   4.2679906e-03	   1.9683838e-03	   9.1469288e-04	   3.2881328e-04	   1.3607740e-04	   1.7523766e-04	   7.3194504e-05	   0.0000000e+00	   0.0000000e+00	   0.0000000e+00	   0.0000000e+00	   0.0000000e+00	   0.0000000e+00	   0.0000000e+00	   0.0000000e+00	
   1.0687619e-01	   9.2126369e-02	   9.8094225e-02	   1.0559171e-01	   1.1034989e-01	   1.0828489e-01	   1.0186583e-01	   9.3650460e-02	   8.7361131e-02	   8.2309723e-02	   7.9634368e-02	   7.5216413e-02	   7.1860731e-02	   6.3402772e-02	   5.4033816e-02	   4.1435659e-02	   2.8422236e-02	   1.9083091e-02	   1.3384819e-02	   9.5320344e-03	
   1.1606836e-01	   9.4155312e-02	   9.3499362e-02	   9.3307972e-02	   9.3286693e-02	   8.9562893e-02	   8.0433607e-02	   7.0425808e-02	   6.0080937e-02	   5.0426185e-02	   4.2100012e-02	   3.4122407e-02	   2.5720477e-02	   1.9051194e-02	   1.4519989e-02	   1.1186123e-02	   8.6085796e-03	   6.5065111e-03	   4.9662590e-03	   4.0339828e-03	
   1.2964487e-01	   4.3623865e-02	   2.8041363e-02	   2.1371961e-02	   1.8391609e-02	   1.5712976e-02	   1.2827098e-02	   9.8846555e-03	   6.7670005e-03	   4.4303536e-03	   2.7486086e-03	   1.6276836e-03	   7.3361397e-04	   2.2470951e-04	   1.6331673e-05	   0.0000000e+00	   0.0000000e+00	   0.0000000e+00	   0.0000000e+00	   0.0000000e+00	
   1.2142146e-01	   8.5754335e-02	   8.1182778e-02	   8.1954062e-02	   8.1224322e-02	   7.6145530e-02	   6.9968641e-02	   6.2058985e-02	   5.3696496e-02	   4.6698809e-02	   3.8975775e-02	   3.4318686e-02	   2.7839363e-02	   2.2174716e-02	   1.8436253e-02	   1.4194131e-02	   9.9536777e-03	   6.3328062e-03	   4.2833090e-03	   2.9688478e-03	
   1.2413388e-01	   9.3110502e-02	   8.9549184e-02	   9.1914356e-02	   9.1854513e-02	   8.2657278e-02	   7.0220053e-02	   6.0272932e-02	   5.4343155e-02	   4.6572685e-02	   3.7366807e-02	   3.0383348e-02	   2.2696853e-02	   1.7408848e-02	   1.3713062e-02	   1.0530293e-02	   6.4454079e-03	   3.5710335e-03	   2.0290017e-03	   5.5205822e-04	
   1.7804140e-01	   1.0048425e-01	   9.7070754e-02	   1.0153592e-01	   1.0752112e-01	   1.0701424e-01	   1.0149395e-01	   9.4057798e-02	   8.3645889e-02	   7.3063195e-02	   6.0140908e-02	   4.9342215e-02	   4.1345119e-02	   3.1616867e-02	   2.4610639e-02	   1.7433345e-02	   1.1659086e-02	   7.2511264e-03	   4.3432117e-03	   2.3322701e-03	
   2.7183986e-01	   1.3194907e-01	   1.0730040e-01	   1.0421586e-01	   1.0654050e-01	   1.1449349e-01	   1.2877047e-01	   1.4912635e-01	   1.5141508e-01	   1.4879179e-01	   1.4127260e-01	   1.3142455e-01	   1.2220550e-01	   1.1459571e-01	   1.0690403e-01	   9.3123674e-02	   7.5846016e-02	   6.0883658e-02	   4.6321213e-02	   3.4544230e-02	
   1.9388765e-01	   8.9506447e-02	   7.6017976e-02	   7.2328806e-02	   6.8384767e-02	   6.6633761e-02	   6.9343925e-02	   7.3640704e-02	   8.1699235e-02	   9.1197908e-02	   1.0095966e-01	   9.1329098e-02	   7.7006638e-02	   6.3731194e-02	   5.3472519e-02	   4.6031654e-02	   3.8398802e-02	   3.1015600e-02	   2.4195373e-02	   1.8782675e-02	
   2.8568143e-01	   1.5083176e-01	   1.2554258e-01	   1.1594963e-01	   1.1859500e-01	   1.2323010e-01	   1.2540871e-01	   1.2558490e-01	   1.2466008e-01	   1.2385994e-01	   1.2556976e-01	   1.1540884e-01	   1.0163528e-01	   9.0191603e-02	   7.9381227e-02	   6.9674313e-02	   5.9556067e-02	   4.9823284e-02	   4.3186367e-02	   3.8486302e-02	
   2.4649358e-01	   1.2044758e-01	   9.3927920e-02	   8.3754182e-02	   7.7664614e-02	   7.1756721e-02	   6.7538559e-02	   6.3553989e-02	   6.2022141e-02	   5.7392359e-02	   5.0208688e-02	   4.5513391e-02	   3.8436472e-02	   3.2421052e-02	   2.8996229e-02	   2.5564790e-02	   2.2664428e-02	   2.0517894e-02	   1.9186020e-02	   2.0614505e-02	
   1.2376225e-01	   6.7648113e-02	   5.7033181e-02	   5.2369773e-02	   4.9313962e-02	   4.6920300e-02	   4.4142127e-02	   3.9518833e-02	   3.5905906e-02	   3.0128598e-02	   2.4476349e-02	   2.0181596e-02	   1.5518188e-02	   1.2885392e-02	   9.9509954e-03	   6.9749355e-03	   4.0420294e-03	   1.7875944e-03	   6.9344044e-04	   3.5983324e-04	
   9.3480408e-02	   4.4013560e-02	   4.1411936e-02	   4.0952265e-02	   3.9156020e-02	   3.4552097e-02	   3.0653775e-02	   2.8494179e-02	   2.6577881e-02	   2.6630223e-02	   2.5374711e-02	   2.1407545e-02	   1.6485751e-02	   1.3715744e-02	   1.3498008e-02	   1.2615860e-02	   1.0676324e-02	   1.0425500e-02	   8.6151361e-03	   6.9396496e-03	
   9.8336399e-02	   4.3092787e-02	   2.5827706e-02	   1.7940581e-02	   1.3209820e-02	   9.1763139e-03	   5.0662756e-03	   2.4070740e-03	   1.1608260e-03	   4.2331219e-04	   2.7000904e-04	   1.2594461e-04	   3.1769276e-05	   1.4901161e-06	   0.0000000e+00	   0.0000000e+00	   0.0000000e+00	   0.0000000e+00	   0.0000000e+00	   0.0000000e+00	
   1.0551125e-01	   5.5110812e-02	   4.3571830e-02	   3.7932217e-02	   3.4475684e-02	   3.0001640e-02	   2.4365306e-02	   1.9463360e-02	   1.6543456e-02	   1.3471365e-02	   1.1965275e-02	   1.0033309e-02	   8.8150501e-03	   8.5142255e-03	   8.4132552e-03	   6.7502856e-03	   4.3205619e-03	   2.5175640e-03	   1.4274716e-03	   6.9266558e-04	
   1.3701558e-01	   5.9430659e-02	   4.8756361e-02	   4.5564175e-02	   3.8599491e-02	   3.1655252e-02	   2.7798593e-02	   2.3703158e-02	   1.8528121e-02	   1.4632881e-02	   1.1119604e-02	   8.0889463e-03	   7.4052811e-03	   6.4815283e-03	   6.4266920e-03	   5.8680177e-03	   4.6047568e-03	   3.4612928e-03	   2.2695065e-03	   1.2667179e-03	
   9.3564510e-02	   3.0342877e-02	   1.8442273e-02	   1.2559295e-02	   9.9493861e-03	   6.6132545e-03	   3.7350655e-03	   1.7508864e-03	   6.6573279e-04	   1.8393993e-04	   1.1122227e-04	   4.4047832e-05	   9.5367432e-07	   0.0000000e+00	   0.0000000e+00	   0.0000000e+00	   0.0000000e+00	   0.0000000e+00	   0.0000000e+00	   0.0000000e+00	
   1.8875146e-01	   1.1731631e-01	   9.1486752e-02	   7.9461336e-02	   7.3295832e-02	   6.4874291e-02	   5.7970881e-02	   5.2783608e-02	   4.2601585e-02	   3.2984853e-02	   2.4635136e-02	   1.7256021e-02	   1.0120034e-02	   5.4212809e-03	   2.9779673e-03	   1.5098453e-03	   4.8357248e-04	   1.1914117e-04	   6.9260597e-05	   6.1690807e-05	
   1.9497281e-01	   1.0886919e-01	   8.3802462e-02	   6.9930911e-02	   6.0819149e-02	   5.4318726e-02	   5.0291598e-02	   4.4850349e-02	   3.7224020e-02	   2.8512478e-02	   2.1603525e-02	   1.6142011e-02	   1.2708783e-02	   1.0296643e-02	   8.0395937e-03	   5.3869486e-03	   3.0570030e-03	   1.8734932e-03	   9.9873543e-04	   4.3344498e-04	
   2.1263677e-01	   1.1630356e-01	   9.4084322e-02	   8.1218600e-02	   7.3145270e-02	   6.5620005e-02	   6.0454488e-02	   5.6415260e-02	   4.7644820e-02	   3.6783695e-02	   2.7505338e-02	   2.2278547e-02	   1.7870128e-02	   1.3410807e-02	   1.0244429e-02	   7.8952909e-03	   4.8911572e-03	   2.9067312e-03	   1.3697743e-03	   3.5721064e-04	
   2.1601558e-01	   1.3169837e-01	   1.0466391e-01	   9.2187345e-02	   8.0544472e-02	   7.2115362e-02	   6.4042509e-02	   5.6378245e-02	   4.8037801e-02	   3.9422810e-02	   3.1364977e-02	   2.5097370e-02	   2.0189226e-02	   1.5953660e-02	   1.4061272e-02	   1.1117518e-02	   6.5680742e-03	   3.5200800e-03	   1.7104745e-03	   8.1628561e-04	
   1.7971975e-01	   1.1128044e-01	   8.5297823e-02	   7.1859896e-02	   6.4318419e-02	   5.8573961e-02	   5.4605246e-02	   5.2205145e-02	   4.4557640e-02	   3.5180748e-02	   2.6884198e-02	   2.2032380e-02	   1.6483247e-02	   1.2594521e-02	   1.0443270e-02	   7.9972744e-03	   4.6545267e-03	   2.8347969e-03	   1.5506148e-03	   6.7728758e-04	
   2.2413468e-01	   1.4022136e-01	   1.1293346e-01	   9.9102497e-02	   9.3221128e-02	   9.4824970e-02	   9.5615506e-02	   9.9567771e-02	   8.8408061e-02	   7.4500024e-02	   5.9851944e-02	   4.6331525e-02	   3.5270035e-02	   2.6299059e-02	   1.9092023e-02	   1.1674106e-02	   5.9676766e-03	   2.4935177e-03	   8.1747770e-04	   1.6283989e-04	
   2.1159470e-01	   1.4598083e-01	   1.2455463e-01	   1.1740202e-01	   1.1311436e-01	   1.1083382e-01	   1.1199254e-01	   1.1066717e-01	   9.5976285e-02	   7.3461354e-02	   5.3489923e-02	   3.9492667e-02	   2.8529882e-02	   1.9687355e-02	   1.4306724e-02	   9.0147257e-03	   5.0171614e-03	   2.8851373e-03	   1.3704896e-03	   6.2805414e-04	
   1.4827120e-01	   9.3953192e-02	   7.2745562e-02	   6.0086250e-02	   5.3629220e-02	   4.8107147e-02	   4.3982863e-02	   4.2398095e-02	   3.6986010e-02	   2.9918134e-02	   2.4153829e-02	   2.0206213e-02	   1.7674863e-02	   1.6024709e-02	   1.4147282e-02	   1.0611653e-02	   6.5327287e-03	   4.2693956e-03	   2.9502511e-03	   1.6445518e-03	
   2.1788323e-01	   1.4412862e-01	   1.1739004e-01	   1.0613030e-01	   9.8550141e-02	   9.6920550e-02	   9.6573591e-02	   9.3640566e-02	   8.1060410e-02	   6.3824177e-02	   4.8866034e-02	   3.6388576e-02	   2.5637269e-02	   1.7740667e-02	   1.2584746e-02	   8.5781217e-03	   4.6972632e-03	   2.3881367e-03	   1.1366606e-03	   3.8802624e-04	
   2.0205855e-01	   1.1795628e-01	   9.9132299e-02	   8.9954436e-02	   8.1518233e-02	   7.3841512e-02	   6.3858747e-02	   5.5813491e-02	   4.9546106e-02	   4.2217433e-02	   3.4422576e-02	   2.7550757e-02	   2.1591842e-02	   1.6022682e-02	   1.2184083e-02	   9.3071461e-03	   6.7876577e-03	   5.6038584e-03	   4.9339533e-03	   3.5002828e-03	
   1.7773008e-01	   8.8988185e-02	   7.4896991e-02	   7.4982703e-02	   7.4460983e-02	   7.3048234e-02	   7.2783828e-02	   6.8441927e-02	   6.2025070e-02	   5.3676546e-02	   4.1948617e-02	   3.2737374e-02	   2.5380492e-02	   1.8337488e-02	   1.4528334e-02	   1.1639953e-02	   9.2105865e-03	   6.9641386e-03	   4.8173070e-03	   3.8127899e-03	
   1.7829716e-01	   9.4296932e-02	   8.4173739e-02	   8.4906638e-02	   8.5724175e-02	   8.1658781e-02	   7.7877820e-02	   7.4562550e-02	   7.5238773e-02	   6.7843139e-02	   5.5254579e-02	   4.5260608e-02	   3.6820710e-02	   3.0770183e-02	   2.2922814e-02	   1.6637802e-02	   1.2558401e-02	   9.8673276e-03	   8.1918836e-03	   6.9607496e-03	
   1.6785496e-01	   9.7476840e-02	   8.0286324e-02	   7.4984014e-02	   6.8810284e-02	   6.2382817e-02	   5.6729257e-02	   4.9275219e-02	   4.3122632e-02	   3.7132084e-02	   3.2184362e-02	   2.5883019e-02	   2.1013916e-02	   1.7727375e-02	   1.4158726e-02	   1.0416031e-02	   8.3485842e-03	   6.5046719e-03	   5.8611631e-03	   4.4929385e-03	
   1.8996835e-01	   1.1212373e-01	   8.6464703e-02	   7.3095262e-02	   6.6435158e-02	   6.1173260e-02	   5.5131435e-02	   4.9621463e-02	   3.9652620e-02	   3.0269623e-02	   2.2167146e-02	   1.5799940e-02	   9.7515583e-03	   5.7326555e-03	   3.5403967e-03	   1.8926859e-03	   8.9615583e-04	   3.4182412e-04	   1.4466047e-04	   2.8252602e-05	
   1.5552163e-01	   9.1040790e-02	   7.7794909e-02	   7.1078241e-02	   6.6878498e-02	   6.5445960e-02	   6.6045880e-02	   6.3667297e-02	   5.7596820e-02	   5.2865148e-02	   4.7858238e-02	   4.1049242e-02	   3.6534667e-02	   3.3065557e-02	   2.8865993e-02	   2.5448918e-02	   2.2646904e-02	   2.0999840e-02	   1.7356992e-02	   1.2071192e-02	
   1.5929985e-01	   8.9542329e-02	   7.2684586e-02	   6.2762916e-02	   5.8216512e-02	   5.4309368e-02	   4.9096763e-02	   4.5126081e-02	   4.4152805e-02	   3.9259732e-02	   3.3894539e-02	   3.0302167e-02	   2.7541339e-02	   2.4272561e-02	   2.2180974e-02	   1.9918919e-02	   1.8193305e-02	   1.6280447e-02	   1.2374818e-02	   8.5331798e-03	
   2.8781050e-01	   2.3545849e-01	   2.1096295e-01	   1.8864256e-01	   1.6650474e-01	   1.4988440e-01	   1.3370633e-01	   1.1746931e-01	   1.0318068e-01	   9.2785597e-02	   8.1853688e-02	   7.2346270e-02	   6.1534464e-02	   5.3064585e-02	   4.6090841e-02	   4.0090442e-02	   3.5397351e-02	   3.2294001e-02	   3.0282617e-02	   2.9625654e-02	
   2.4167538e-01	   1.9099820e-01	   1.6769248e-01	   1.4988542e-01	   1.3205397e-01	   1.1628610e-01	   1.0123837e-01	   8.8276625e-02	   7.5904369e-02	   6.4863861e-02	   5.4721653e-02	   4.4830620e-02	   3.5539806e-02	   2.8486550e-02	   2.2365689e-02	   1.7128825e-02	   1.3292015e-02	   1.1352880e-02	   1.0185063e-02	   1.0337889e-02	
   2.0773721e-01	   1.6656315e-01	   1.4295787e-01	   1.2448430e-01	   1.0927624e-01	   9.3202949e-02	   7.8413844e-02	   6.7164242e-02	   5.8531216e-02	   4.9327672e-02	   4.1437745e-02	   3.3111572e-02	   2.5267780e-02	   2.0944536e-02	   1.7084599e-02	   1.4041364e-02	   1.1473000e-02	   9.1113363e-03	   7.3701143e-03	   5.8521032e-03	
   2.2767693e-01	   1.8343252e-01	   1.6072851e-01	   1.4136249e-01	   1.2863940e-01	   1.1658728e-01	   1.0247451e-01	   8.4716141e-02	   7.2413445e-02	   6.1538160e-02	   5.1557779e-02	   4.0800750e-02	   3.0927479e-02	   2.4031639e-02	   1.8301725e-02	   1.2972832e-02	   9.4859600e-03	   7.2526251e-03	   5.0975084e-03	   4.0750504e-03	
   1.7394966e-01	   1.2254167e-01	   1.0393846e-01	   9.1889501e-02	   8.1835628e-02	   7.1339488e-02	   6.2645197e-02	   5.4661572e-02	   4.8830305e-02	   4.5165241e-02	   3.9834261e-02	   3.2377362e-02	   2.6106596e-02	   2.2198558e-02	   1.8253207e-02	   1.4617801e-02	   1.1466503e-02	   9.0253694e-03	   7.7862144e-03	   6.0067773e-03	
   2.7797377e-01	   2.3524731e-01	   2.1828139e-01	   2.0820361e-01	   1.9885725e-01	   1.8776935e-01	   1.7467523e-01	   1.6449422e-01	   1.5709291e-01	   1.5005225e-01	   1.4225376e-01	   1.2223583e-01	   9.9500895e-02	   7.8345358e-02	   6.1230123e-02	   4.5700490e-02	   3.3545792e-02	   2.5561060e-02	   1.9829035e-02	   1.5721738e-02	
   2.5708640e-01	   2.2696167e-01	   2.1187574e-01	   2.0122224e-01	   1.9367462e-01	   1.8488431e-01	   1.7092758e-01	   1.6136992e-01	   1.5263149e-01	   1.4496136e-01	   1.3355517e-01	   1.0919410e-01	   8.7566793e-02	   7.0114434e-02	   5.7187021e-02	   4.6838105e-02	   3.8517237e-02	   3.3759730e-02	   2.8526783e-02	   2.4955392e-02	
   2.9745710e-01	   2.6169062e-01	   2.5206745e-01	   2.4524719e-01	   2.4062181e-01	   2.3337901e-01	   2.2469330e-01	   2.2664297e-01	   2.2598818e-01	   2.2330618e-01	   2.2202545e-01	   2.0427901e-01	   1.8225217e-01	   1.6159838e-01	   1.4472610e-01	   1.2612331e-01	   1.0833961e-01	   9.5317568e-02	   8.4523499e-02	   7.4428499e-02	
   2.2373223e-01	   1.2548494e-01	   9.5611751e-02	   8.2329869e-02	   7.6419175e-02	   7.4055672e-02	   6.9404483e-02	   6.3859046e-02	   5.2987031e-02	   4.0379345e-02	   2.7969480e-02	   1.8616378e-02	   1.1872828e-02	   6.8500638e-03	   3.5298467e-03	   1.7004609e-03	   7.1859360e-04	   2.9488972e-04	   1.2707710e-04	   7.5101852e-06	
   3.1330615e-01	   2.7824324e-01	   2.6404637e-01	   2.5273091e-01	   2.4508697e-01	   2.3695070e-01	   2.2722870e-01	   2.2392452e-01	   2.2367764e-01	   2.2050631e-01	   2.1097857e-01	   1.8460983e-01	   1.5561491e-01	   1.2974113e-01	   1.0611808e-01	   8.5575700e-02	   6.7351162e-02	   5.4545675e-02	   4.4517517e-02	   3.6488831e-02	
   2.9820681e-01	   2.6428246e-01	   2.5675070e-01	   2.5315839e-01	   2.5419509e-01	   2.5673616e-01	   2.5790018e-01	   2.5936198e-01	   2.5818348e-01	   2.5967622e-01	   2.5427806e-01	   2.4371809e-01	   2.3282874e-01	   2.2354639e-01	   2.1484160e-01	   2.0688993e-01	   1.9960159e-01	   1.9205461e-01	   1.8612075e-01	   1.8501812e-01	
   2.7621126e-01	   2.3576063e-01	   2.1920794e-01	   2.0875466e-01	   1.9871563e-01	   1.9398183e-01	   1.8579054e-01	   1.7833585e-01	   1.7212234e-01	   1.6333938e-01	   1.5215933e-01	   1.3390374e-01	   1.1004859e-01	   9.0430319e-02	   7.3541701e-02	   5.9399009e-02	   4.7959805e-02	   4.0654251e-02	   3.2971382e-02	   2.6958346e-02	
   3.5008734e-01	   2.9519498e-01	   2.7456588e-01	   2.6172632e-01	   2.5673538e-01	   2.5077122e-01	   2.4103928e-01	   2.3872405e-01	   2.3306118e-01	   2.2888750e-01	   2.2254544e-01	   1.9492632e-01	   1.6167301e-01	   1.3597381e-01	   1.1186618e-01	   8.9859128e-02	   7.0637047e-02	   5.7515008e-02	   4.6852648e-02	   3.6528707e-02	
   3.3971810e-01	   3.2116133e-01	   3.2898873e-01	   3.3628255e-01	   3.4845537e-01	   3.5660559e-01	   3.6657393e-01	   3.7645137e-01	   3.8351604e-01	   3.9136147e-01	   3.9115238e-01	   3.7332743e-01	   3.5262442e-01	   3.3365726e-01	   3.1555021e-01	   2.9601020e-01	   2.7392423e-01	   2.5077793e-01	   2.2833300e-01	   2.0412564e-01	
   1.9085574e-01	   1.1601526e-01	   9.1569483e-02	   7.6579094e-02	   6.8544507e-02	   6.1315298e-02	   5.4774225e-02	   5.0177932e-02	   3.9421286e-02	   3.0244350e-02	   2.1327376e-02	   1.3947248e-02	   9.4942451e-03	   6.3940287e-03	   4.3334365e-03	   2.7999878e-03	   1.4858246e-03	   5.9822627e-04	   2.3889542e-04	   5.1021576e-05	
   1.8225312e-03	   6.1088800e-04	   2.0825863e-04	   4.5835972e-05	   0.0000000e+00	   0.0000000e+00	   0.0000000e+00	             NaN	             NaN	             NaN	             NaN	             NaN	             NaN	             NaN	             NaN	             NaN	             NaN	             NaN	             NaN	             NaN	
   2.9953718e-03	   7.4058771e-04	   2.0062923e-04	   3.8921833e-05	   0.0000000e+00	   0.0000000e+00	             NaN	             NaN	             NaN	             NaN	             NaN	             NaN	             NaN	             NaN	             NaN	             NaN	             NaN	             NaN	             NaN	             NaN	
   1.4283764e-01	   1.1678088e-01	   9.8673105e-02	   7.8353465e-02	   6.0401320e-02	   4.4065177e-02	   3.2301188e-02	   2.3475766e-02	   1.7155920e-02	   1.2512505e-02	   9.1242194e-03	   6.9216490e-03	   5.4364800e-03	   2.8051138e-03	   1.2909770e-03	   6.1672926e-04	   1.6444921e-04	   7.0026943e-05	   1.4781952e-05	   0.0000000e+00	
   1.8873364e-01	   1.9820476e-01	   2.1640462e-01	   2.2551703e-01	   2.2887707e-01	   2.2491217e-01	   2.2163993e-01	   2.1300548e-01	   1.9409745e-01	   1.7441809e-01	   1.5568632e-01	   1.3880163e-01	   1.2540704e-01	   1.1418015e-01	   1.0564840e-01	   9.3198419e-02	   7.8905761e-02	   6.6972392e-02	   5.6860745e-02	   4.8629999e-02	
   2.7097452e-01	   2.5012875e-01	   2.4307406e-01	   2.3399532e-01	   2.2210294e-01	   2.0634705e-01	   1.8732309e-01	   1.6073716e-01	   1.3657475e-01	   1.1320621e-01	   9.4166517e-02	   7.9269588e-02	   6.5914392e-02	   5.2863300e-02	   4.0216684e-02	   3.0064762e-02	   2.2642672e-02	   1.7468316e-02	   1.4072239e-02	   1.0508537e-02	
   2.2038877e-02	   7.5867772e-03	   3.0338168e-03	   1.7497540e-03	   9.5850229e-04	   7.3403120e-04	   4.5925379e-04	   7.5042248e-05	   1.2534005e-05	   0.0000000e+00	             NaN	             NaN	             NaN	             NaN	             NaN	             NaN	             NaN	             NaN	             NaN	             NaN	
   2.4727046e-02	   8.6317658e-03	   3.5629272e-03	   1.6987324e-03	   1.0080934e-03	   4.5543909e-04	   2.0343065e-04	   2.3400784e-04	   2.8085709e-04	   9.4890594e-05	   0.0000000e+00	   0.0000000e+00	             NaN	             NaN	             NaN	             NaN	             NaN	             NaN	             NaN	             NaN	
   2.2683561e-02	   8.2146525e-03	   4.1288137e-03	   2.3568273e-03	   1.5066266e-03	   9.8758936e-04	   4.7320127e-04	   1.2046099e-04	   1.1845997e-04	   1.2755394e-05	   0.0000000e+00	   0.0000000e+00	   0.0000000e+00	   0.0000000e+00	             NaN	             NaN	             NaN	             NaN	             NaN	             NaN	
   3.0121982e-02	   1.3629854e-02	   9.3221664e-03	   6.8138838e-03	   5.1219463e-03	   4.4046640e-03	   4.3166876e-03	   3.4698248e-03	   3.1119755e-03	   2.4366975e-03	   1.7481446e-03	   1.5763044e-03	   1.3135076e-03	   1.1670589e-03	   1.1159182e-03	   9.1129541e-04	   5.9163570e-04	   3.6191940e-04	   2.7352571e-04	   3.0821562e-04	
   2.0879686e-02	   1.0415673e-02	   7.4118376e-03	   5.2844882e-03	   4.2172074e-03	   4.0841699e-03	   3.3690929e-03	   2.3248792e-03	   1.1726788e-03	   4.8607588e-04	   1.1318922e-04	   3.3378601e-06	   0.0000000e+00	   0.0000000e+00	             NaN	             NaN	             NaN	             NaN	             NaN	             NaN	
   1.5640557e-02	   5.8960319e-03	   2.3035407e-03	   8.7434053e-04	   2.2673607e-04	   1.8537045e-05	   0.0000000e+00	   0.0000000e+00	   0.0000000e+00	   0.0000000e+00	   0.0000000e+00	   0.0000000e+00	   0.0000000e+00	   0.0000000e+00	   0.0000000e+00	   0.0000000e+00	   0.0000000e+00	   0.0000000e+00	   0.0000000e+00	   0.0000000e+00	
   1.5514135e-02	   1.2586951e-02	   1.3768494e-02	   1.4861465e-02	   1.6689301e-02	   1.8028200e-02	   1.6726911e-02	   1.4150321e-02	   1.1463983e-02	   9.7904801e-03	   8.8374615e-03	   7.3993206e-03	   6.3262582e-03	   5.5465102e-03	   4.7433376e-03	   3.8657784e-03	   3.1616688e-03	   2.1021707e-03	   8.1938505e-04	   1.4430285e-04	
   1.9796610e-02	   9.5514059e-03	   4.8339963e-03	   2.7924180e-03	   1.7133951e-03	   1.0427833e-03	   5.2237511e-04	   4.7105551e-04	   4.8582894e-04	   3.4320354e-04	             NaN	             NaN	             NaN	             NaN	             NaN	             NaN	             NaN	             NaN	             NaN	             NaN	
   3.5392106e-02	   2.2629976e-02	   1.5505016e-02	   1.0058880e-02	   6.0604215e-03	   3.1334162e-03	   1.5943050e-03	   1.0561943e-03	   6.2070574e-04	   3.7032366e-04	   2.0343065e-04	   1.2987852e-04	   5.2988529e-05	   7.6293945e-06	             NaN	             NaN	             NaN	             NaN	             NaN	             NaN	
   1.5670180e-02	   8.7743998e-03	   4.9710870e-03	   2.8676987e-03	   2.1638870e-03	   1.7518997e-03	   1.2292266e-03	   9.0992451e-04	   5.9338978e-04	   1.9979477e-04	   4.7624111e-05	   1.8000603e-05	   0.0000000e+00	   0.0000000e+00	   0.0000000e+00	             NaN	             NaN	             NaN	             NaN	             NaN	
   1.1868179e-02	   6.5051317e-03	   5.1767826e-03	   5.4469109e-03	   5.6422949e-03	   5.5996180e-03	   5.3532124e-03	   4.9009919e-03	   4.3344498e-03	   3.7395358e-03	   3.3513904e-03	   2.4696589e-03	   1.8309951e-03	   1.6652346e-03	   1.2630224e-03	   9.4443560e-04	   4.4637918e-04	   7.1457454e-05	   1.5974045e-05	   0.0000000e+00	
   1.9757390e-02	   1.3105452e-02	   8.7189674e-03	   5.6618452e-03	   3.2483935e-03	   2.0188689e-03	   1.0263324e-03	   4.7874451e-04	   5.2976608e-04	   3.6787987e-04	   2.7382374e-04	   1.6397238e-04	   7.8082085e-06	   0.0000000e+00	             NaN	             NaN	             NaN	             NaN	             NaN	             NaN	
   3.2965660e-01	   2.8193456e-01	   2.5133705e-01	   2.1700847e-01	   1.8378496e-01	   1.5065235e-01	   1.2357533e-01	   1.0275549e-01	   8.5613183e-02	   7.2466373e-02	   6.0797811e-02	   5.2639008e-02	   4.5871437e-02	   4.0297806e-02	   3.4703791e-02	   3.0246735e-02	   2.6588261e-02	   2.4115426e-02	   2.1514773e-02	   1.8870294e-02	
   6.6787601e-03	   4.4569969e-03	   3.5094619e-03	   2.8754473e-03	   2.4123192e-03	   1.7942786e-03	   1.0655522e-03	   4.7069788e-04	   1.9380025e-04	   9.9539757e-06	   0.0000000e+00	   0.0000000e+00	             NaN	             NaN	             NaN	             NaN	             NaN	             NaN	             NaN	             NaN	
   9.6629858e-03	   4.5226812e-03	   2.4859905e-03	   1.4837980e-03	   1.0576844e-03	   7.1603060e-04	   7.9971552e-04	   1.0267496e-03	   9.2649460e-04	   9.4854832e-04	   6.8664551e-04	   4.5520067e-04	   4.5531988e-04	   3.0291080e-04	   1.6915798e-04	   6.3359737e-05	   5.4717064e-05	   3.5626548e-05	   1.5497208e-06	   0.0000000e+00	
   8.4022880e-03	   4.4903159e-03	   2.2661090e-03	   1.4656186e-03	   1.1227727e-03	   5.5277348e-04	   2.6750565e-04	   1.0371208e-04	   5.3473881e-05	   4.4107437e-06	   0.0000000e+00	   0.0000000e+00	   0.0000000e+00	   0.0000000e+00	   0.0000000e+00	             NaN	             NaN	             NaN	             NaN	             NaN	
   2.6232421e-02	   1.8664002e-02	   1.3246477e-02	   9.3843341e-03	   6.2504411e-03	   3.4813881e-03	   1.6977191e-03	   7.9578161e-04	   4.8255920e-04	   2.2733212e-04	   1.6987324e-04	   6.9260597e-05	   1.8179417e-04	   1.3744831e-04	   3.4945352e-05	             NaN	             NaN	             NaN	             NaN	             NaN	
   4.4603169e-02	   3.5021365e-02	   2.8858244e-02	   2.2540569e-02	   1.5285134e-02	   9.6341372e-03	   5.6516528e-03	   3.6564469e-03	   2.8807776e-03	   2.2010207e-03	   1.1906624e-03	   5.5545568e-04	   2.7817488e-04	   2.1374226e-04	   2.3424625e-04	             NaN	             NaN	             NaN	             NaN	             NaN	
   5.9980035e-02	   4.0398240e-02	   2.6910067e-02	   1.7613053e-02	   1.2105107e-02	   8.7348819e-03	   5.7628751e-03	   3.8665533e-03	   2.9251235e-03	   2.1723509e-03	   1.4731288e-03	   9.2840195e-04	   5.8954954e-04	   3.6555529e-04	   2.8556585e-04	   1.9186735e-04	   1.0669231e-04	   4.7002520e-06	   0.0000000e+00	   0.0000000e+00	
   9.8723173e-03	   5.6360364e-03	   3.4483671e-03	   2.5361776e-03	   1.8535256e-03	   1.3697147e-03	   1.0315776e-03	   7.5674057e-04	   4.9870355e-04	   1.3601780e-04	   1.9669533e-06	   0.0000000e+00	             NaN	             NaN	             NaN	             NaN	             NaN	             NaN	             NaN	             NaN	
   1.2130022e-02	   9.3462467e-03	   8.0461502e-03	   7.3702335e-03	   6.5100193e-03	   5.2059293e-03	   3.7355423e-03	   2.7310252e-03	   1.7749241e-03	   8.9234114e-04	   4.8571825e-04	   3.7366152e-04	   1.8179417e-04	   1.1736155e-04	   2.8038025e-05	             NaN	             NaN	             NaN	             NaN	             NaN	
   6.7931414e-03	   3.6084056e-03	   2.5249124e-03	   2.0305514e-03	   1.3363361e-03	   6.8879128e-04	   4.2611361e-04	   3.1107664e-04	   3.9918082e-04	   4.5663118e-04	   3.2472610e-04	   6.1213970e-05	   0.0000000e+00	   0.0000000e+00	   0.0000000e+00	             NaN	             NaN	             NaN	             NaN	             NaN	
   7.1738064e-02	   5.1342130e-02	   4.3820500e-02	   3.5097003e-02	   2.9118001e-02	   2.3505151e-02	   1.8758833e-02	   1.3975263e-02	   1.0645594e-02	   8.0524683e-03	   5.9689283e-03	   4.8827529e-03	   3.8025975e-03	   2.3753643e-03	   1.1955500e-03	   5.4675341e-04	   3.3730268e-04	   1.9666127e-04	   4.9114227e-05	   1.3768673e-05	
   9.7949088e-02	   7.6743424e-02	   6.4907372e-02	   5.7414293e-02	   5.0201595e-02	   4.0408075e-02	   3.3063471e-02	   2.7204454e-02	   2.2859982e-02	   1.9240499e-02	   1.5592813e-02	   1.1555135e-02	   9.2477202e-03	   7.0403814e-03	   5.4859519e-03	   4.3357611e-03	   3.1117201e-03	   1.8782616e-03	   9.2792511e-04	   4.0674210e-04	
   1.7127532e-01	   1.4106077e-01	   1.2236184e-01	   1.0470033e-01	   8.7269306e-02	   7.3064923e-02	   5.8321178e-02	   4.5896888e-02	   3.8348879e-02	   3.0138791e-02	   2.2366643e-02	   1.6854525e-02	   1.3555944e-02	   1.0909677e-02	   7.6197982e-03	   5.3141713e-03	   3.7984252e-03	   2.3681777e-03	   1.4018416e-03	   7.3802471e-04	
   8.7432921e-02	   6.8202198e-02	   5.8351099e-02	   5.0582767e-02	   4.2669594e-02	   3.6167681e-02	   2.9569983e-02	   2.5098324e-02	   2.0722525e-02	   1.5949011e-02	   1.2456477e-02	   8.8267326e-03	   5.4914951e-03	   3.1585693e-03	   1.4926791e-03	   7.3444843e-04	   2.5749207e-04	   8.0313001e-05	   2.0802021e-05	   0.0000000e+00	
   1.5324497e-01	   1.2331742e-01	   1.0892391e-01	   9.8526418e-02	   8.4038258e-02	   6.7165315e-02	   5.3211212e-02	   4.2145729e-02	   3.2744816e-02	   2.6725113e-02	   1.9585848e-02	   1.4049888e-02	   9.7568035e-03	   6.8925023e-03	   5.0823092e-03	   3.8027167e-03	   2.5603771e-03	   1.6431808e-03	   1.4408231e-03	   1.3113022e-03	
   1.0809952e-01	   7.3241889e-02	   6.3303351e-02	   5.5378199e-02	   4.7456682e-02	   4.0417910e-02	   3.3356011e-02	   2.6300430e-02	   2.0824160e-02	   1.6561031e-02	   1.2700081e-02	   9.7008944e-03	   7.3775053e-03	   4.3562651e-03	   2.5607944e-03	   1.6828179e-03	   1.0060668e-03	   5.4236821e-04	   2.4533272e-04	   9.4711781e-05	
   1.1283726e-01	   8.5931480e-02	   7.3756456e-02	   6.1033607e-02	   5.0869167e-02	   4.0968657e-02	   3.4182310e-02	   2.9095173e-02	   2.5833266e-02	   2.1707714e-02	   1.6734421e-02	   9.9560618e-03	   5.7632327e-03	   2.7952790e-03	   1.1543036e-03	   3.8993359e-04	   8.0585480e-05	   3.8828169e-06	   0.0000000e+00	   0.0000000e+00	
   1.0520726e-01	   8.4257245e-02	   7.0516229e-02	   6.1535418e-02	   5.1688135e-02	   4.3321669e-02	   3.4843445e-02	   2.8891802e-02	   2.3986135e-02	   1.8929541e-02	   1.3821125e-02	   8.9939237e-03	   5.1524043e-03	   2.7301908e-03	   1.1240840e-03	   2.8502941e-04	   8.3446503e-05	   6.2670027e-06	   0.0000000e+00	   0.0000000e+00	
   1.0207999e-01	   8.0823004e-02	   7.1463823e-02	   6.6525936e-02	   6.0988843e-02	   5.3920031e-02	   4.5929551e-02	   3.7083745e-02	   2.9064996e-02	   2.0887971e-02	   1.5064836e-02	   9.2083216e-03	   5.4253936e-03	   2.7844310e-03	   1.6108155e-03	   7.2336197e-04	   2.9957294e-04	   7.7996935e-05	   1.1801720e-05	   0.0000000e+00	
   1.1594665e-01	   8.9177847e-02	   7.5495780e-02	   6.5473318e-02	   5.5461943e-02	   4.8781753e-02	   4.3843806e-02	   3.6607742e-02	   3.0086449e-02	   2.4620950e-02	   2.0742893e-02	   1.6985834e-02	   1.4594674e-02	   1.1964142e-02	   9.1950893e-03	   7.5506568e-03	   6.1125755e-03	   4.9181666e-03	   3.6500692e-03	   2.3878813e-03	
   1.0275817e-01	   8.4446192e-02	   7.2953403e-02	   6.1917663e-02	   5.1002324e-02	   4.0351987e-02	   3.1781375e-02	   2.4373233e-02	   1.9245284e-02	   1.4744103e-02	   1.1091888e-02	   8.3540082e-03	   5.4254532e-03	   3.2016039e-03	   1.6512275e-03	   8.7642670e-04	   2.6780367e-04	   3.0040741e-05	   7.1525574e-06	   0.0000000e+00	
   1.9249916e-01	   1.7758071e-01	   1.6595817e-01	   1.5187812e-01	   1.3779509e-01	   1.2225038e-01	   1.0634667e-01	   9.1184914e-02	   7.7733925e-02	   6.3612342e-02	   4.9640894e-02	   3.8764715e-02	   2.9937446e-02	   2.3144305e-02	   1.6629577e-02	   1.1640191e-02	   7.8162551e-03	   5.9783799e-03	   4.2551160e-03	   2.6549101e-03	
   1.5026897e-01	   1.3112611e-01	   1.1844283e-01	   1.0674626e-01	   9.4773948e-02	   8.1681132e-02	   6.9042861e-02	   5.6324124e-02	   4.6878134e-02	   3.7423551e-02	   2.9686987e-02	   2.3301959e-02	   1.7727017e-02	   1.2080193e-02	   8.5771680e-03	   5.8507323e-03	   3.6434531e-03	   2.0031929e-03	   9.8592043e-04	   2.7948618e-04	
   1.5075129e-01	   1.3772571e-01	   1.2547189e-01	   1.1397141e-01	   1.0040230e-01	   8.8087082e-02	   7.5649858e-02	   6.1851919e-02	   5.0121716e-02	   3.8310289e-02	   2.8699636e-02	   2.0569563e-02	   1.5156806e-02	   1.0390341e-02	   6.7756176e-03	   4.4853687e-03	   2.6054382e-03	   1.3957024e-03	   5.1409006e-04	   1.9949675e-04	
   1.2569773e-01	   1.1469173e-01	   1.0456371e-01	   9.3792021e-02	   8.4750652e-02	   7.4827909e-02	   6.7236364e-02	   5.8781743e-02	   4.9398150e-02	   4.0697277e-02	   3.2120287e-02	   2.5521398e-02	   1.9393206e-02	   1.5281439e-02	   1.1824667e-02	   8.7262988e-03	   6.2360764e-03	   4.2909213e-03	   3.1877756e-03	   2.0461679e-03	
   1.7087132e-01	   1.5330964e-01	   1.3932878e-01	   1.2527865e-01	   1.1503196e-01	   1.0356486e-01	   9.1870189e-02	   8.1547022e-02	   7.0966652e-02	   6.0337126e-02	   4.9529076e-02	   3.9628685e-02	   3.3753276e-02	   2.6487648e-02	   1.9458830e-02	   1.3355196e-02	   7.9075098e-03	   4.7873769e-03	   2.4810433e-03	   1.1686087e-03	
   2.2478026e-01	   2.1401149e-01	   1.9908845e-01	   1.8232751e-01	   1.6443747e-01	   1.4728463e-01	   1.2880033e-01	   1.0886490e-01	   9.2808519e-02	   7.8678071e-02	   6.5637469e-02	   5.1809132e-02	   3.9354563e-02	   2.9778361e-02	   2.1566451e-02	   1.4527977e-02	   9.4760656e-03	   6.5256527e-03	   4.4652820e-03	   2.7638674e-03	
   1.8116903e-01	   1.6442138e-01	   1.4804363e-01	   1.3284421e-01	   1.1928171e-01	   1.0579473e-01	   9.2894077e-02	   7.8218877e-02	   6.4993041e-02	   5.3025663e-02	   4.1621923e-02	   3.2146752e-02	   2.3411214e-02	   1.6249239e-02	   1.0707378e-02	   6.4055920e-03	   3.7964582e-03	   2.2485597e-03	   1.3529062e-03	   7.4583292e-04	
   1.9435394e-01	   1.8105388e-01	   1.6414362e-01	   1.5330189e-01	   1.3923395e-01	   1.2213677e-01	   1.0605276e-01	   9.1628373e-02	   7.8643458e-02	   6.6298425e-02	   5.0794840e-02	   3.8113892e-02	   2.8060496e-02	   1.9475758e-02	   1.2901843e-02	   8.1732869e-03	   4.6982169e-03	   2.7835029e-03	   1.6874671e-03	   8.7654591e-04	
