   2.0110625e-01	   1.6996080e-01	   2.0193440e-01	   2.2750455e-01	   2.3356849e-01	   2.2640812e-01	   2.1443319e-01	   2.0249271e-01	   1.7231417e-01	   1.4494467e-01	   1.2088394e-01	   1.0595101e-01	   9.2192829e-02	   8.3005011e-02	   7.8948855e-02	   7.2075427e-02	   5.2558959e-02	   3.6340986e-02	   2.3603559e-02	   1.4767647e-02	
   1.5792751e-01	   1.5209848e-01	   1.9043124e-01	   2.1746343e-01	   2.2471476e-01	   2.1796447e-01	   2.0828062e-01	   1.9388872e-01	   1.7134271e-01	   1.5266204e-01	   1.3429832e-01	   1.1685735e-01	   1.0017037e-01	   8.7357163e-02	   7.4206591e-02	   5.9790671e-02	   3.9126396e-02	   2.4228164e-02	   1.3961911e-02	   7.1026087e-03	
   1.5703720e-01	   1.4627874e-01	   1.7947477e-01	   2.0366299e-01	   2.0856500e-01	   1.9940263e-01	   1.9208115e-01	   1.8271571e-01	   1.6240304e-01	   1.4218539e-01	   1.2249583e-01	   1.0675657e-01	   9.3636811e-02	   8.4388316e-02	   7.9525352e-02	   7.2372854e-02	   5.4366350e-02	   3.9240224e-02	   2.7237058e-02	   1.7801106e-02	
   1.7643040e-01	   1.2414920e-01	   1.5035981e-01	   1.8328851e-01	   2.0149475e-01	   2.0693475e-01	   2.1304089e-01	   2.0962578e-01	   1.8724053e-01	   1.6413838e-01	   1.4365667e-01	   1.2580436e-01	   1.1091930e-01	   9.8532021e-02	   8.9324296e-02	   7.8251719e-02	   5.6928754e-02	   4.0686744e-02	   2.8201818e-02	   1.7203689e-02	
   1.5256369e-01	   1.3236821e-01	   1.3441163e-01	   1.2541187e-01	   1.0493529e-01	   8.5373938e-02	   7.2440743e-02	   6.6043377e-02	   5.1208564e-02	   3.9839208e-02	   3.2246113e-02	   2.6298225e-02	   2.1272600e-02	   1.7573893e-02	   1.3894498e-02	   1.1075437e-02	   8.6417198e-03	   6.5692493e-03	   5.0742030e-03	   3.7292838e-03	
   1.1892933e-01	   8.5634053e-02	   1.0476941e-01	   1.2831914e-01	   1.3880873e-01	   1.3131607e-01	   1.2438440e-01	   1.1262059e-01	   9.6869741e-02	   8.3334267e-02	   7.0582092e-02	   5.9542596e-02	   4.9533427e-02	   4.3444633e-02	   3.9066970e-02	   3.3326566e-02	   2.5511384e-02	   1.8332958e-02	   1.2802720e-02	   7.7919960e-03	
   1.4524716e-01	   8.7436795e-02	   7.3310971e-02	   5.9666991e-02	   4.4329643e-02	   3.1082094e-02	   2.2116363e-02	   1.6566277e-02	   1.1048862e-02	   7.4350238e-03	   4.8822761e-03	   3.5938621e-03	   2.5433898e-03	   1.9357800e-03	   1.4831424e-03	   1.2571812e-03	   1.0161400e-03	   9.2560904e-04	   9.0938807e-04	   6.8157911e-04	
   1.3096833e-01	   8.4134936e-02	   7.8357816e-02	   7.0945561e-02	   5.7704508e-02	   4.5529068e-02	   3.6832035e-02	   3.0196607e-02	   2.1409784e-02	   1.4589667e-02	   9.9397898e-03	   6.9135427e-03	   5.2516460e-03	   4.2284131e-03	   3.1855106e-03	   2.6949644e-03	   1.9601583e-03	   1.4483588e-03	   8.6927414e-04	   4.4512749e-04	
   1.3162363e-01	   1.0102469e-01	   9.7094178e-02	   8.9418471e-02	   7.4715555e-02	   6.0934365e-02	   5.0510943e-02	   4.4923484e-02	   3.7162372e-02	   2.8564394e-02	   2.0428956e-02	   1.4881909e-02	   1.0814667e-02	   7.9498291e-03	   6.2173009e-03	   4.3737888e-03	   2.4850965e-03	   1.2963159e-03	   6.4086914e-04	   2.4437904e-04	
   1.1588746e-01	   7.5467706e-02	   7.5589180e-02	   7.4950099e-02	   6.5487802e-02	   5.4221988e-02	   4.7944486e-02	   4.4183016e-02	   3.5468238e-02	   2.8971016e-02	   2.4155259e-02	   1.9692779e-02	   1.6495049e-02	   1.4692068e-02	   1.3046920e-02	   1.0869741e-02	   8.5752010e-03	   6.6914558e-03	   5.1797628e-03	   3.8989186e-03	
   1.7545086e-01	   1.0077512e-01	   1.1902553e-01	   1.5014499e-01	   1.6452193e-01	   1.6299164e-01	   1.5377533e-01	   1.3955128e-01	   1.1452893e-01	   9.2044890e-02	   7.4039400e-02	   5.9150815e-02	   4.9013317e-02	   4.0930688e-02	   3.5005629e-02	   2.7355492e-02	   1.6891360e-02	   9.8227092e-03	   5.0102472e-03	   2.4614930e-03	
   1.9708276e-01	   9.7493649e-02	   1.0846186e-01	   1.3808042e-01	   1.5071726e-01	   1.5185249e-01	   1.5139496e-01	   1.4367026e-01	   1.2521376e-01	   1.0768396e-01	   9.4754398e-02	   8.3353996e-02	   7.5272202e-02	   6.8112493e-02	   6.1752081e-02	   5.1940739e-02	   3.8107097e-02	   2.8921059e-02	   2.1322787e-02	   1.5320122e-02	
   2.1372348e-01	   1.0270089e-01	   1.1079109e-01	   1.3954324e-01	   1.5623498e-01	   1.5724659e-01	   1.5460956e-01	   1.5444243e-01	   1.6028758e-01	   1.4980376e-01	   1.2504071e-01	   1.0451126e-01	   8.8108122e-02	   7.2888911e-02	   6.1697066e-02	   5.0258934e-02	   3.9577186e-02	   3.2909189e-02	   2.7303040e-02	   2.3062885e-02	
   1.7615670e-01	   9.9631250e-02	   1.1442780e-01	   1.4373839e-01	   1.5828085e-01	   1.5544516e-01	   1.4598304e-01	   1.3504440e-01	   1.2892144e-01	   1.0855347e-01	   8.3606660e-02	   6.2281072e-02	   4.6586633e-02	   3.5629272e-02	   2.6955843e-02	   1.9967377e-02	   1.5742481e-02	   1.2614795e-02	   8.6618662e-03	   4.9766898e-03	
   1.2189466e-01	   7.4620664e-02	   9.2629075e-02	   1.1524421e-01	   1.2599123e-01	   1.2457174e-01	   1.2099236e-01	   1.2670308e-01	   1.4162425e-01	   1.4425004e-01	   1.3284087e-01	   1.2017250e-01	   1.1152434e-01	   1.0326052e-01	   9.7370148e-02	   9.2410624e-02	   9.0872169e-02	   9.2008999e-02	   7.6086044e-02	   5.4646969e-02	
   1.4022493e-01	   9.8976672e-02	   1.1484814e-01	   1.3430750e-01	   1.4341867e-01	   1.4194226e-01	   1.3748568e-01	   1.3610798e-01	   1.4213964e-01	   1.3591790e-01	   1.1912233e-01	   9.8437369e-02	   8.0463588e-02	   6.4632356e-02	   5.2270293e-02	   3.9069474e-02	   2.7308524e-02	   1.9523552e-02	   1.2120008e-02	   6.3021183e-03	
   1.8419832e-01	   2.0132619e-01	   2.2414201e-01	   2.2421736e-01	   2.0241559e-01	   1.7349380e-01	   1.4348698e-01	   1.1743438e-01	   9.3560559e-02	   7.4754715e-02	   5.8659911e-02	   4.6494842e-02	   3.8744926e-02	   3.1658769e-02	   2.6569963e-02	   2.1823704e-02	   1.4564753e-02	   9.6545901e-03	   6.6508055e-03	   4.1000843e-03	
   9.8990858e-02	   6.2824488e-02	   6.5405190e-02	   6.9521964e-02	   6.9837689e-02	   6.6361964e-02	   6.2373698e-02	   5.8379054e-02	   5.8704921e-02	   5.9476197e-02	   5.2277088e-02	   4.5032859e-02	   3.6617815e-02	   3.0564725e-02	   2.5557399e-02	   2.0835221e-02	   1.6078532e-02	   1.3105120e-02	   1.0597289e-02	   8.2908273e-03	
   1.2464881e-01	   7.8174174e-02	   8.7404311e-02	   9.9268556e-02	   1.0129511e-01	   1.0282910e-01	   1.0264313e-01	   1.0716212e-01	   1.1420475e-01	   1.1924773e-01	   1.1641806e-01	   1.1221987e-01	   1.0514772e-01	   9.6290231e-02	   9.2653632e-02	   9.2989028e-02	   9.7211778e-02	   9.4403403e-02	   7.5833321e-02	   5.4146767e-02	
   1.7349011e-01	   1.0596514e-01	   9.2875123e-02	   8.3485425e-02	   7.7846587e-02	   7.6582193e-02	   8.0234945e-02	   8.4289193e-02	   9.3822275e-02	   9.6350253e-02	   8.7129474e-02	   7.7781022e-02	   6.9139540e-02	   6.3161850e-02	   5.7173550e-02	   5.1777840e-02	   4.5049965e-02	   4.1633878e-02	   3.3588588e-02	   2.4655819e-02	
   1.5936005e-01	   9.5432222e-02	   8.2576275e-02	   7.7028394e-02	   7.5865448e-02	   7.8425348e-02	   8.3874881e-02	   9.1960609e-02	   1.0486855e-01	   1.0806358e-01	   1.0150981e-01	   9.4245434e-02	   8.5490286e-02	   7.7304304e-02	   6.8494260e-02	   6.0265481e-02	   5.1284194e-02	   4.6710968e-02	   3.8143039e-02	   3.0579746e-02	
   1.2809533e-01	   6.7264855e-02	   5.5856347e-02	   4.9670696e-02	   4.4876575e-02	   4.3187499e-02	   4.3309450e-02	   4.4476330e-02	   4.8325675e-02	   4.8188269e-02	   4.4797659e-02	   4.3397427e-02	   3.9876282e-02	   3.6228955e-02	   3.4476161e-02	   3.3202171e-02	   3.3030391e-02	   3.3496652e-02	   2.8871596e-02	   2.3457170e-02	
   1.2599528e-01	   7.7675879e-02	   6.9177568e-02	   6.5505981e-02	   5.9356391e-02	   5.5633962e-02	   5.3538084e-02	   5.6012213e-02	   6.0929094e-02	   6.1796725e-02	   5.6258023e-02	   5.0054252e-02	   4.1868806e-02	   3.5529971e-02	   3.1496942e-02	   2.8892636e-02	   2.8895915e-02	   2.9246126e-02	   2.4453640e-02	   1.7979264e-02	
   1.0140091e-01	   8.1024170e-02	   9.5686615e-02	   1.0839206e-01	   1.1148524e-01	   1.0336900e-01	   8.9552581e-02	   7.6399505e-02	   6.2389919e-02	   5.2000165e-02	   4.0346444e-02	   3.0417204e-02	   2.3186684e-02	   1.8241525e-02	   1.4016569e-02	   9.3494058e-03	   4.8185587e-03	   2.4189949e-03	   1.1259913e-03	   5.5360794e-04	
   1.5297347e-01	   1.0060859e-01	   1.0395741e-01	   1.0535473e-01	   1.0431933e-01	   1.0751319e-01	   1.1955643e-01	   1.3945758e-01	   1.6178588e-01	   1.6675925e-01	   1.5274101e-01	   1.3832337e-01	   1.2600571e-01	   1.1674321e-01	   1.0951227e-01	   1.0259151e-01	   9.3736470e-02	   8.4153788e-02	   6.4253569e-02	   4.6426833e-02	
   1.4044082e-01	   9.0335250e-02	   8.3132446e-02	   7.5590432e-02	   6.6428483e-02	   6.2038720e-02	   6.3051999e-02	   6.7849159e-02	   7.7597073e-02	   8.2109809e-02	   7.4833333e-02	   6.7837119e-02	   6.0838401e-02	   5.0889969e-02	   4.1007936e-02	   3.3333480e-02	   2.7031481e-02	   2.1644388e-02	   1.7840922e-02	   1.4745235e-02	
   1.1153787e-01	   7.0366323e-02	   6.2083602e-02	   5.6193650e-02	   5.2835107e-02	   5.7039738e-02	   6.6787302e-02	   8.3962202e-02	   1.0691091e-01	   1.1850035e-01	   1.1309600e-01	   1.0635293e-01	   1.0095692e-01	   1.0121006e-01	   1.0032952e-01	   1.0347712e-01	   1.1429089e-01	   1.2179157e-01	   1.1375558e-01	   1.0740256e-01	
   1.4404750e-01	   8.3146334e-02	   7.1946681e-02	   6.2518656e-02	   5.6297362e-02	   5.5668175e-02	   5.9662938e-02	   6.5387189e-02	   7.1107660e-02	   8.0854952e-02	   8.7696433e-02	   8.1805766e-02	   7.3970675e-02	   7.1753085e-02	   6.8916380e-02	   6.8241715e-02	   7.0237994e-02	   7.5239182e-02	   7.8375757e-02	   8.6264074e-02	
   1.6855794e-01	   1.1327773e-01	   1.1257672e-01	   1.1125880e-01	   1.0470939e-01	   1.0059953e-01	   1.0226119e-01	   1.0405707e-01	   1.0607161e-01	   1.0663360e-01	   1.0976470e-01	   9.6707821e-02	   8.2878709e-02	   6.9193661e-02	   5.6506276e-02	   4.7241449e-02	   3.9492667e-02	   3.4400327e-02	   2.8660715e-02	   2.2507787e-02	
   1.3255894e-01	   5.3773403e-02	   3.4317374e-02	   2.2283435e-02	   1.3975263e-02	   9.4577670e-03	   8.2816482e-03	   8.1942081e-03	   8.8417189e-03	   9.7423196e-03	   9.2751384e-03	   7.9849958e-03	   6.9017410e-03	   5.8493018e-03	   5.0314665e-03	   4.9740672e-03	   4.4454336e-03	   4.1878564e-03	   3.9474368e-03	   3.2590628e-03	
   1.0948008e-01	   8.6006403e-02	   1.0040516e-01	   1.1667156e-01	   1.2007242e-01	   1.1199456e-01	   1.0300136e-01	   9.4428480e-02	   7.5639044e-02	   5.7877123e-02	   4.5724750e-02	   3.5950005e-02	   2.7623475e-02	   2.0539939e-02	   1.5057683e-02	   1.0646045e-02	   6.1926246e-03	   3.3752578e-03	   1.9829273e-03	   1.0681748e-03	
   1.8440300e-01	   6.8469822e-02	   4.4212759e-02	   3.0249715e-02	   2.2646248e-02	   1.6500592e-02	   1.0879993e-02	   5.7996511e-03	   3.8735867e-03	             NaN	             NaN	             NaN	             NaN	             NaN	             NaN	             NaN	             NaN	             NaN	             NaN	             NaN	
   7.7765763e-02	   4.6439111e-02	   7.0836663e-02	   1.2392163e-01	   1.8476897e-01	   2.2071379e-01	   2.3263991e-01	   2.3171955e-01	   2.2409398e-01	   2.1010083e-01	   1.8644726e-01	   1.5945125e-01	   1.3228774e-01	   1.1113763e-01	   8.9779496e-02	   6.9704950e-02	   5.6879342e-02	   4.6874046e-02	   4.0349424e-02	   3.1859457e-02	
   1.3287944e-01	   8.4673762e-02	   1.1910272e-01	   1.7914629e-01	   2.2466117e-01	   2.3234117e-01	   2.1336555e-01	   1.8806696e-01	   1.5969358e-01	   1.2786961e-01	   1.0609734e-01	   9.2897356e-02	   7.7868521e-02	   6.2496960e-02	   5.2349031e-02	   3.9548278e-02	   2.8585196e-02	   2.1495751e-02	   1.6569138e-02	   1.3181746e-02	
   1.6337359e-01	   9.3427896e-02	   1.4305449e-01	   2.3001850e-01	   2.9908377e-01	   3.2026666e-01	   3.0804986e-01	   2.8157753e-01	   2.5319651e-01	   2.2093385e-01	   1.9477236e-01	   1.6448355e-01	   1.3755530e-01	   1.1417770e-01	   9.7796082e-02	   8.1733286e-02	   7.1549892e-02	   6.4296518e-02	   5.9489608e-02	   5.2632868e-02	
   1.6447306e-01	   1.0290587e-01	   1.6181773e-01	   2.5404584e-01	   3.1340045e-01	   3.3347946e-01	   3.2181418e-01	   2.9559886e-01	   2.6569802e-01	   2.3161536e-01	   1.9937062e-01	   1.6316152e-01	   1.3299423e-01	   1.0350490e-01	   7.2904825e-02	   5.3391576e-02	   4.0903807e-02	   3.0225549e-02	   2.0044267e-02	   1.3142288e-02	
   1.6711962e-01	   1.0150903e-01	   1.4040315e-01	   2.1744984e-01	   2.8525686e-01	   3.1624973e-01	   3.1796604e-01	   3.1587642e-01	   3.1223427e-01	   3.1066847e-01	   3.1444997e-01	   3.1684333e-01	   3.1953877e-01	   2.8567082e-01	   2.4711984e-01	   2.0995075e-01	   1.7223459e-01	   1.4060245e-01	   1.1093414e-01	   8.2181454e-02	
   1.0096729e-01	   3.9229810e-02	   3.2561958e-02	   2.7132809e-02	   1.5613914e-02	   8.2175136e-03	   4.6389699e-03	   2.9269457e-03	   1.6616413e-03	   7.1293116e-04	   2.3019314e-04	   8.9049339e-05	   4.7683716e-07	   0.0000000e+00	             NaN	             NaN	             NaN	             NaN	             NaN	             NaN	
   1.5202910e-01	   8.9375734e-02	   1.2022012e-01	   1.8424731e-01	   2.2433054e-01	   2.3951316e-01	   2.3147780e-01	   2.1532184e-01	   1.9329711e-01	   1.7366391e-01	   1.4946175e-01	   1.2544763e-01	   1.0225534e-01	   8.6384773e-02	   7.0566475e-02	   5.6244552e-02	   4.2467892e-02	   3.1227112e-02	   2.3407817e-02	   1.6776502e-02	
   1.9232738e-01	   1.2519813e-01	   1.7825925e-01	   2.6597559e-01	   3.2522917e-01	   3.4683192e-01	   3.4242922e-01	   3.3339292e-01	   3.2036339e-01	   3.0180579e-01	   2.8734028e-01	   2.7263105e-01	   2.6255196e-01	   2.3796540e-01	   2.1174616e-01	   1.8600869e-01	   1.5975642e-01	   1.3860355e-01	   1.2168831e-01	   1.0318577e-01	
   1.4470345e-01	   9.3998909e-02	   1.2514579e-01	   1.8610340e-01	   2.3239666e-01	   2.3945963e-01	   2.3537534e-01	   2.2634190e-01	   2.1364716e-01	   1.9909585e-01	   1.8110603e-01	   1.6677094e-01	   1.4535904e-01	   1.1568797e-01	   8.7573647e-02	   6.7616165e-02	   5.1873505e-02	   3.7295546e-02	   2.4368703e-02	   1.5135348e-02	
   1.5108162e-01	   8.3294868e-02	   1.0792685e-01	   1.6644722e-01	   2.2540796e-01	   2.5486809e-01	   2.5347078e-01	   2.3677152e-01	   2.1404266e-01	   1.9306654e-01	   1.6713238e-01	   1.4402884e-01	   1.2319398e-01	   1.0470665e-01	   8.3786428e-02	   6.6550255e-02	   5.2420378e-02	   4.1134426e-02	   3.2478154e-02	   2.3108959e-02	
   1.7798781e-01	   1.1502820e-01	   1.5436959e-01	   2.3313677e-01	   2.8977942e-01	   3.0074459e-01	   2.7835613e-01	   2.4931598e-01	   2.2129692e-01	   1.9271398e-01	   1.6486937e-01	   1.3736421e-01	   1.0837984e-01	   8.9689553e-02	   7.1069598e-02	   5.7036102e-02	   4.4816315e-02	   3.4779344e-02	   2.7475893e-02	   2.1521807e-02	
   2.1345752e-01	   1.2172264e-01	   1.5964699e-01	   2.3268980e-01	   2.8652060e-01	   2.9271823e-01	   2.7199167e-01	   2.4842387e-01	   2.1964312e-01	   1.8925768e-01	   1.5872180e-01	   1.3056046e-01	   1.0333776e-01	   8.1393242e-02	   6.0881257e-02	   4.6511889e-02	   3.6280870e-02	   2.8541701e-02	   2.1346509e-02	   1.6050637e-02	
   1.6839218e-01	   7.6886475e-02	   9.7571194e-02	   1.7828894e-01	   2.6682669e-01	   3.0783147e-01	   3.1049430e-01	   3.0920142e-01	   2.9917526e-01	   2.9010993e-01	   2.7934152e-01	   2.7302837e-01	   2.5819772e-01	   2.2813642e-01	   2.0022118e-01	   1.7493165e-01	   1.4808512e-01	   1.2927076e-01	   1.1073881e-01	   9.2661142e-02	
   1.4475030e-01	   4.7804713e-02	   3.7873626e-02	   3.3290029e-02	   2.3885429e-02	   1.5457988e-02	   1.0752797e-02	   5.8062077e-03	   2.3652485e-03	   8.5091591e-04	   1.7029047e-04	   6.0796738e-06	   0.0000000e+00	   0.0000000e+00	             NaN	             NaN	             NaN	             NaN	             NaN	             NaN	
   1.1824101e-01	   7.3610663e-02	   1.1395705e-01	   1.5475523e-01	   1.6213787e-01	   1.3274813e-01	   9.4709873e-02	   6.9276035e-02	   5.8454377e-02	   5.3954542e-02	   4.5271635e-02	   3.7277579e-02	   2.9348552e-02	   2.3488343e-02	   2.0302176e-02	   1.7350972e-02	   1.4256537e-02	   1.1324814e-02	   7.5375012e-03	             NaN	
   1.2295759e-01	   6.1569512e-02	   8.8225782e-02	   1.1540014e-01	   1.1293519e-01	   8.8661849e-02	   6.2401891e-02	   4.0617704e-02	   2.6270730e-02	   1.6961873e-02	   1.0851622e-02	   7.7847838e-03	   5.6909919e-03	   3.9257407e-03	   2.9225945e-03	   1.6983747e-03	   8.8924170e-04	   4.6859469e-04	   1.2671947e-04	   9.7155571e-06	
   1.0960209e-01	   3.8677812e-02	   2.9258728e-02	   2.3300707e-02	   1.5623868e-02	   9.7439885e-03	   6.6716075e-03	   3.9013624e-03	   1.8196787e-03	   9.8115206e-04	   3.6823750e-04	   1.5234947e-04	   2.1576881e-05	   0.0000000e+00	             NaN	             NaN	             NaN	             NaN	             NaN	             NaN	
   1.0423857e-01	   6.4265370e-02	   9.0999901e-02	   1.1151075e-01	   9.6147299e-02	   6.6323936e-02	   3.9603889e-02	   2.3043811e-02	   1.5209879e-02	   1.2408793e-02	   1.0317266e-02	   9.9492073e-03	   8.7887645e-03	   5.7268739e-03	   2.6734471e-03	   1.0792017e-03	   5.0896406e-04	   1.6178404e-04	   9.6559525e-06	   0.0000000e+00	
   1.2359881e-01	   6.9786906e-02	   1.2408221e-01	   2.3021531e-01	   3.3174783e-01	   3.7607807e-01	   3.8266897e-01	   3.6777407e-01	   3.4847321e-01	   3.2477593e-01	   2.9293436e-01	   2.5959885e-01	   2.2826087e-01	   1.9692940e-01	   1.6680110e-01	   1.3666803e-01	   1.1623240e-01	   9.8301751e-02	   8.5988641e-02	   7.4672580e-02	
   1.2247682e-01	   6.4042449e-02	   1.0846519e-01	   2.1327770e-01	   3.0777329e-01	   3.5356420e-01	   3.4549803e-01	   3.2437801e-01	   2.9900530e-01	   2.6784170e-01	   2.2864443e-01	   1.9573528e-01	   1.6238427e-01	   1.3212460e-01	   1.0941422e-01	   9.0131402e-02	   7.5839818e-02	   6.2461172e-02	   5.1351488e-02	   4.2113781e-02	
   9.5329821e-02	   7.2960198e-02	   1.2917745e-01	   2.1983057e-01	   3.0255210e-01	   3.3479953e-01	   3.2679451e-01	   3.0303282e-01	   2.7245140e-01	   2.3952758e-01	   2.0336032e-01	   1.6843230e-01	   1.3284367e-01	   1.0287744e-01	   7.8317404e-02	   6.0269415e-02	   4.6163142e-02	   3.4766742e-02	   2.6404500e-02	   1.9447446e-02	
   1.0600609e-01	   6.8807721e-02	   1.3163805e-01	   2.3425525e-01	   3.2405353e-01	   3.5946810e-01	   3.5676914e-01	   3.3556181e-01	   3.0924041e-01	   2.8802294e-01	   2.5886941e-01	   2.2237945e-01	   1.8790174e-01	   1.5543967e-01	   1.2892205e-01	   1.0680634e-01	   8.9053690e-02	   7.6002462e-02	   6.4405978e-02	   5.2925169e-02	
   7.5054646e-02	   3.2791734e-02	   2.5969565e-02	   2.0270228e-02	   1.4572740e-02	   8.9610219e-03	   5.8238506e-03	   3.1503439e-03	   1.2551035e-03	   3.6746264e-04	   6.1929226e-05	   4.7683716e-07	   0.0000000e+00	   0.0000000e+00	             NaN	             NaN	             NaN	             NaN	             NaN	             NaN	
   7.1277142e-02	   2.5253236e-02	   1.6767621e-02	   1.1165500e-02	   5.8868527e-03	   2.5926232e-03	   1.1329651e-03	   3.4499168e-04	   2.0490374e-04	   9.1195107e-05	   2.2530556e-05	   0.0000000e+00	   0.0000000e+00	   0.0000000e+00	             NaN	             NaN	             NaN	             NaN	             NaN	             NaN	
   7.1180165e-02	   2.7586043e-02	   1.7981708e-02	   1.2826264e-02	   7.7092648e-03	   5.0194263e-03	   3.0081272e-03	   1.2550950e-03	   2.9495784e-04	   5.0902367e-05	   0.0000000e+00	   0.0000000e+00	   0.0000000e+00	             NaN	             NaN	             NaN	             NaN	             NaN	             NaN	             NaN	
   1.0527873e-01	   2.4986982e-02	   1.3308525e-02	   8.1337094e-03	   4.5522451e-03	   2.6398897e-03	   1.4781356e-03	   5.8698654e-04	   1.2316023e-04	   6.0796738e-06	   0.0000000e+00	   0.0000000e+00	   0.0000000e+00	   0.0000000e+00	             NaN	             NaN	             NaN	             NaN	             NaN	             NaN	
   7.5962365e-02	   1.8368900e-02	   1.0149539e-02	   7.8380704e-03	   4.4636130e-03	   1.7392635e-03	   5.1140785e-04	   1.1211634e-04	   0.0000000e+00	   0.0000000e+00	   0.0000000e+00	   0.0000000e+00	   0.0000000e+00	   0.0000000e+00	   0.0000000e+00	             NaN	             NaN	             NaN	             NaN	             NaN	
   1.2457770e-01	   3.9764881e-02	   2.9863954e-02	   1.7217755e-02	   9.4386935e-03	   4.3610334e-03	   1.6698837e-03	   6.6179037e-04	   1.6484942e-04	   2.0027161e-05	             NaN	             NaN	             NaN	             NaN	             NaN	             NaN	             NaN	             NaN	             NaN	             NaN	
   1.8113500e-01	   3.9498627e-02	   2.3877978e-02	   1.1385322e-02	   5.4019690e-03	   1.7408133e-03	   4.3046474e-04	   9.3698502e-05	   2.5681087e-05	   0.0000000e+00	             NaN	             NaN	             NaN	             NaN	             NaN	             NaN	             NaN	             NaN	             NaN	             NaN	
   1.1184746e-01	   4.6767116e-02	   3.3868730e-02	   2.5643051e-02	   2.0034730e-02	   1.2837172e-02	   6.0281157e-03	   2.3854971e-03	   8.5462843e-04	   4.0489435e-04	   2.3531914e-04	             NaN	             NaN	             NaN	             NaN	             NaN	             NaN	             NaN	             NaN	             NaN	
   1.9901264e-01	   4.9561203e-02	   3.3216178e-02	   1.9323528e-02	   1.1803091e-02	   6.6238046e-03	   3.5337806e-03	   1.4238954e-03	   4.4488907e-04	   4.1468938e-04	             NaN	             NaN	             NaN	             NaN	             NaN	             NaN	             NaN	             NaN	             NaN	             NaN	
   7.0359945e-02	   2.9045045e-02	   2.9005051e-02	   2.7470589e-02	   2.2100091e-02	   1.1363447e-02	   4.9911141e-03	   1.8356442e-03	   7.4545542e-04	             NaN	             NaN	             NaN	             NaN	             NaN	             NaN	             NaN	             NaN	             NaN	             NaN	             NaN	
   6.6897929e-02	   1.7001629e-02	   1.0279000e-02	   6.6585541e-03	   4.1338801e-03	   3.0953884e-03	   2.8257966e-03	   1.8535256e-03	   9.8242079e-04	   5.0550699e-04	   1.3697147e-04	   9.3579292e-06	   0.0000000e+00	   0.0000000e+00	             NaN	             NaN	             NaN	             NaN	             NaN	             NaN	
   9.8284245e-02	   1.4954567e-02	   7.5233579e-03	   5.1185489e-03	   3.3812523e-03	   1.9456744e-03	   1.2000799e-03	   7.5769424e-04	   4.6137401e-04	   1.9842386e-04	   2.7775764e-05	   0.0000000e+00	   0.0000000e+00	   0.0000000e+00	             NaN	             NaN	             NaN	             NaN	             NaN	             NaN	
   1.1171710e-01	   2.1859944e-02	   1.4569521e-02	   1.2931943e-02	   8.5517764e-03	   5.1653981e-03	   2.9744506e-03	   1.5055537e-03	   5.4277693e-04	   1.3595819e-04	   8.8810921e-06	   0.0000000e+00	   0.0000000e+00	   0.0000000e+00	             NaN	             NaN	             NaN	             NaN	             NaN	             NaN	
   2.6458603e-01	   1.2674695e-01	   6.6264570e-02	   5.0374389e-02	   4.6775043e-02	   4.3784738e-02	   4.2741001e-02	   4.1917801e-02	   4.2672634e-02	   3.8362443e-02	   2.8532267e-02	   2.0078361e-02	   1.4383376e-02	   1.0089815e-02	   6.9175959e-03	   4.8548579e-03	   3.2950640e-03	   2.4127960e-03	             NaN	             NaN	
   2.1317208e-01	   1.0395193e-01	   6.7029536e-02	   5.9628248e-02	   5.9171140e-02	   5.5186093e-02	   4.9945831e-02	   4.6103299e-02	   4.3914727e-02	   3.7172556e-02	   2.6723206e-02	   1.9269645e-02	   1.4056087e-02	   1.0033190e-02	   7.1784854e-03	   4.9715638e-03	   3.1285286e-03	   2.0522277e-03	             NaN	             NaN	
   2.1530008e-01	   9.2536092e-02	   5.0661922e-02	   3.9362192e-02	   3.5168707e-02	   3.3576250e-02	   3.0638874e-02	   2.7588487e-02	   2.3859365e-02	   2.0219743e-02	   1.7345011e-02	   1.5295267e-02	   1.1798978e-02	   8.7901354e-03	   6.3217878e-03	   4.4355989e-03	   3.1611323e-03	   2.3320062e-03	   1.8930435e-03	   1.6340017e-03	
   1.8681806e-01	   8.5123181e-02	   7.6328993e-02	   6.6591382e-02	   5.2308679e-02	   2.9617012e-02	   1.4774323e-02	   6.3449144e-03	   3.0955315e-03	             NaN	             NaN	             NaN	             NaN	             NaN	             NaN	             NaN	             NaN	             NaN	             NaN	             NaN	
   9.8490059e-02	   2.3251414e-02	   2.0369172e-02	   2.6044190e-02	   3.7883461e-02	   5.0137937e-02	   6.4939916e-02	   7.7293992e-02	   7.9880101e-02	   8.4397316e-02	   9.2520297e-02	   9.7443342e-02	   1.0340679e-01	   1.1524886e-01	   1.2108988e-01	   1.1239469e-01	   1.0390699e-01	   9.3735559e-02	   8.4443450e-02	   7.4291050e-02	
   8.2726777e-02	   1.6776860e-02	   1.0702074e-02	   1.0271430e-02	   9.5893741e-03	   9.1912746e-03	   8.2091689e-03	   7.6459050e-03	   7.6924733e-03	   7.7484846e-03	   7.5263977e-03	   7.6019764e-03	   8.6956620e-03	   1.0089695e-02	   1.3262928e-02	   1.4023840e-02	   1.3084352e-02	   1.1242867e-02	   9.3129277e-03	   6.9513917e-03	
   1.1599112e-01	   2.0753205e-02	   1.0639071e-02	   6.8719983e-03	   5.4944158e-03	   4.8350692e-03	   4.0270090e-03	   3.2614470e-03	   2.8761455e-03	   3.0241609e-03	   2.9973984e-03	   3.3135414e-03	   3.9207935e-03	   6.1766505e-03	   7.0946813e-03	   7.3899031e-03	   6.2544942e-03	   5.4526329e-03	   4.9830079e-03	   4.0435195e-03	
   7.4849606e-02	   4.6872020e-02	   6.7486525e-02	   1.0915637e-01	   1.4615518e-01	   1.6805303e-01	   1.7051494e-01	   1.5985614e-01	   1.4592048e-01	   1.2692958e-01	   1.0581332e-01	   8.7263763e-02	   6.9245577e-02	   5.6244910e-02	   4.1512668e-02	   2.5977790e-02	   1.4171004e-02	   7.8252384e-03	   4.1721463e-03	   1.7747283e-03	
   7.6339245e-02	   3.5810769e-02	   4.0511787e-02	   5.9500337e-02	   8.3002210e-02	   1.0308963e-01	   1.2277955e-01	   1.3767439e-01	   1.4244005e-01	   1.4924860e-01	   1.4773470e-01	   1.4523721e-01	   1.4183849e-01	   1.3984007e-01	   1.3126379e-01	   1.1251676e-01	   9.5533073e-02	   8.0959524e-02	   6.6154540e-02	   5.2373290e-02	
   9.6803427e-02	   4.8901856e-02	   6.3743412e-02	   9.7769141e-02	   1.3587493e-01	   1.6282266e-01	   1.7417061e-01	   1.7472118e-01	   1.7045614e-01	   1.6388506e-01	   1.5526807e-01	   1.4653707e-01	   1.3912618e-01	   1.3280714e-01	   1.2456238e-01	   1.0727119e-01	   8.1064522e-02	   5.9929235e-02	   4.2692900e-02	   2.7905703e-02	
   1.1181897e-01	   6.4807713e-02	   8.6538255e-02	   1.2433934e-01	   1.5797937e-01	   1.8586397e-01	   2.0315015e-01	   2.0906925e-01	   2.0754814e-01	   2.0125294e-01	   1.9387442e-01	   1.8827122e-01	   1.8599689e-01	   1.8273252e-01	   1.7920762e-01	   1.5168434e-01	   1.2147635e-01	   9.6114363e-02	   7.0354462e-02	   4.6221673e-02	
   1.6123700e-01	   5.3043365e-02	   3.6336720e-02	   3.0793309e-02	   2.3432672e-02	   1.5528142e-02	   1.0666251e-02	   6.2010288e-03	   3.2642228e-03	   1.4173985e-03	   4.1598082e-04	   3.0815601e-05	   0.0000000e+00	   0.0000000e+00	             NaN	             NaN	             NaN	             NaN	             NaN	             NaN	
   7.9616189e-02	   4.1147828e-02	   4.4459105e-02	   5.5074394e-02	   6.7596316e-02	   7.7255726e-02	   8.2314730e-02	   8.4981740e-02	   8.6442266e-02	   8.7282240e-02	   8.9275241e-02	   9.0755284e-02	   9.0106249e-02	   9.1138124e-02	   9.1405988e-02	   8.5161328e-02	   7.6765597e-02	   6.7039285e-02	   5.6445479e-02	   4.7581553e-02	
   9.1078520e-02	   2.9662192e-02	   1.8052340e-02	   1.3224304e-02	   1.1104643e-02	   1.1132896e-02	   1.1056840e-02	   1.0092735e-02	   9.8936898e-03	   9.3803406e-03	   9.7512603e-03	   9.4023943e-03	   9.1324449e-03	   9.3496442e-03	   9.5438361e-03	   9.3268752e-03	   8.2638860e-03	   7.0281029e-03	   5.6341887e-03	   4.1341186e-03	
   8.9968860e-02	   4.9586236e-02	   5.7917118e-02	   7.0361018e-02	   8.1426561e-02	   9.0931952e-02	   9.6549571e-02	   9.9832177e-02	   9.8849024e-02	   9.7291410e-02	   9.6608341e-02	   9.6995592e-02	   1.0241652e-01	   1.1026233e-01	   1.2142450e-01	   1.1784792e-01	   1.0232186e-01	   8.8584491e-02	   7.3066533e-02	   5.8055937e-02	
   6.6308677e-02	   6.2655568e-02	   1.0558039e-01	   1.7699420e-01	   2.4021947e-01	   2.7199340e-01	   2.8282344e-01	   2.8342652e-01	   2.8116505e-01	   2.7059865e-01	   2.4945021e-01	   2.2871852e-01	   2.0598048e-01	   1.7976499e-01	   1.5544605e-01	   1.3397485e-01	   1.0922372e-01	   8.9725971e-02	   7.1733952e-02	   5.5929661e-02	
   6.8441808e-02	   3.4036756e-02	   5.1639974e-02	   9.1345251e-02	   1.4404380e-01	   1.9479680e-01	   2.2509545e-01	   2.4207246e-01	   2.4473906e-01	   2.3512715e-01	   2.1056813e-01	   1.8329245e-01	   1.5523046e-01	   1.2851375e-01	   1.0359293e-01	   8.2269192e-02	   6.0539544e-02	   4.3144226e-02	   3.0059278e-02	   1.9884825e-02	
   1.1244243e-01	   3.7959158e-02	   2.8282225e-02	   2.3803473e-02	   1.7440021e-02	   1.1964619e-02	   8.8863969e-03	   5.4709315e-03	   3.0867713e-03	   1.9200444e-03	   1.1537671e-03	   6.0552359e-04	   2.1380186e-04	   3.8087368e-05	             NaN	             NaN	             NaN	             NaN	             NaN	             NaN	
   5.7859421e-02	   3.8721919e-02	   6.5818846e-02	   1.1048174e-01	   1.5882897e-01	   1.9243443e-01	   2.0861864e-01	   2.0759463e-01	   1.9499969e-01	   1.7965424e-01	   1.5783894e-01	   1.3152093e-01	   1.0727018e-01	   8.2020104e-02	   5.9426606e-02	   4.1663170e-02	   3.1092286e-02	   2.3228305e-02	   1.6739011e-02	   1.1495531e-02	
   5.6934357e-02	   3.6398530e-02	   6.0463071e-02	   1.1121577e-01	   1.8024409e-01	   2.1645886e-01	   2.2162020e-01	   2.1179348e-01	   2.0115573e-01	   1.8508255e-01	   1.5669876e-01	   1.2385225e-01	   9.4055593e-02	   6.8317473e-02	   4.7623754e-02	   3.1423867e-02	   2.0289958e-02	   1.3186455e-02	   9.1820955e-03	   5.4972172e-03	
   6.2739372e-02	   4.8055112e-02	   9.2697322e-02	   1.7535484e-01	   2.4451470e-01	   2.7093303e-01	   2.5952339e-01	   2.3388296e-01	   2.0804405e-01	   1.8051487e-01	   1.3897961e-01	   1.0114712e-01	   7.0261180e-02	   4.7906518e-02	   3.3084989e-02	   2.1368265e-02	   1.3160884e-02	   8.8110651e-03	   5.8608651e-03	   3.6869645e-03	
   5.1801860e-02	   3.9766908e-02	   6.9564342e-02	   1.2363285e-01	   1.9132066e-01	   2.2098237e-01	   2.1982771e-01	   2.0087212e-01	   1.7781196e-01	   1.5490854e-01	   1.2943280e-01	   9.9082351e-02	   7.1066439e-02	   4.8519135e-02	   3.3697903e-02	   2.2525251e-02	   1.5437663e-02	   1.1245591e-02	   8.7105036e-03	   5.4689050e-03	
   6.9562793e-02	   5.2775562e-02	   1.0348058e-01	   1.9341701e-01	   2.7683240e-01	   2.9759449e-01	   2.9095191e-01	   2.6915210e-01	   2.4466644e-01	   2.2304636e-01	   1.8583214e-01	   1.4391351e-01	   1.0728943e-01	   7.9786062e-02	   5.8532655e-02	   4.2508721e-02	   3.0536652e-02	   2.1238668e-02	   1.3009250e-02	   7.2338581e-03	
   2.4807179e-01	   2.9133463e-01	   3.4099883e-01	   3.4796458e-01	   3.2066351e-01	   2.7914858e-01	   2.3717481e-01	   1.9261599e-01	   1.5568760e-01	   1.2487066e-01	   9.3691051e-02	   7.5465500e-02	   6.0965061e-02	   4.9529672e-02	   4.2312741e-02	   3.6425471e-02	   3.3657789e-02	   3.4823350e-02	   3.9707780e-02	   5.4809690e-02	
   2.2062558e-01	   2.4620676e-01	   2.6575047e-01	   2.6293749e-01	   2.4131536e-01	   2.0745087e-01	   1.7182404e-01	   1.3977826e-01	   1.1749377e-01	   9.9068344e-02	   8.1038654e-02	   6.9141805e-02	   6.1433852e-02	   5.6812704e-02	   5.6255639e-02	   5.4684460e-02	   4.3924272e-02	   3.4821851e-02	   2.7337313e-02	   1.9719839e-02	
   2.0474172e-01	   2.3275614e-01	   2.6661396e-01	   2.6733243e-01	   2.4782354e-01	   2.1873736e-01	   1.8709284e-01	   1.5612233e-01	   1.3533401e-01	   1.1851513e-01	   1.0370284e-01	   9.0873599e-02	   7.8893363e-02	   7.0261657e-02	   6.4029038e-02	   5.6258023e-02	   4.2031884e-02	   3.0312266e-02	   2.1784723e-02	   1.5827656e-02	
   1.6352069e-01	   1.9102639e-01	   2.2792739e-01	   2.4392366e-01	   2.3751485e-01	   2.1401078e-01	   1.9047415e-01	   1.6864842e-01	   1.4881720e-01	   1.2536645e-01	   9.9704981e-02	   7.7406526e-02	   5.8125496e-02	   4.3295860e-02	   3.1856835e-02	   2.2880614e-02	   1.7346740e-02	   1.2476376e-02	   8.3297491e-03	   5.0832033e-03	
   2.3160744e-01	   2.5226772e-01	   3.1096959e-01	   3.3887857e-01	   3.2903099e-01	   3.0715024e-01	   2.8128749e-01	   2.5885868e-01	   2.3312092e-01	   2.1142769e-01	   1.8711835e-01	   1.5530592e-01	   1.2777388e-01	   1.0582525e-01	   8.5430801e-02	   6.3754320e-02	   4.8043013e-02	   3.6694459e-02	   2.8483629e-02	   1.9938529e-02	
   2.2372890e-01	   2.5559163e-01	   2.9867327e-01	   3.0552900e-01	   2.9472333e-01	   2.6723915e-01	   2.3629457e-01	   2.1388084e-01	   1.9317804e-01	   1.7080683e-01	   1.4896733e-01	   1.1966383e-01	   9.4442785e-02	   7.2700679e-02	   5.6548238e-02	   4.1816950e-02	   2.9881358e-02	   2.2693225e-02	   1.7354846e-02	   1.2362421e-02	
   2.7249771e-01	   3.2473332e-01	   3.6773098e-01	   3.6957937e-01	   3.3994538e-01	   2.9863310e-01	   2.5071520e-01	   2.0289588e-01	   1.6530909e-01	   1.3381714e-01	   1.0058701e-01	   7.5825334e-02	   5.7102442e-02	   4.0689409e-02	   2.8818190e-02	   2.0005703e-02	   1.3744354e-02	   1.0277476e-02	   7.6218247e-03	   5.4423809e-03	
   2.2383928e-01	   2.2917318e-01	   2.8181350e-01	   2.9985017e-01	   2.9157972e-01	   2.7089387e-01	   2.4653500e-01	   2.2360110e-01	   2.0365395e-01	   1.7981666e-01	   1.5677387e-01	   1.2833244e-01	   1.0042733e-01	   7.7991188e-02	   5.8129787e-02	   4.2568624e-02	   2.9649258e-02	   2.0802225e-02	   1.4313579e-02	   1.0522544e-02	
   2.2434962e-01	   2.6067704e-01	   2.9485506e-01	   2.9700327e-01	   2.8320575e-01	   2.6254779e-01	   2.3971361e-01	   2.1702349e-01	   1.9591257e-01	   1.7385083e-01	   1.5093768e-01	   1.2213564e-01	   9.4593823e-02	   7.1450353e-02	   5.2507281e-02	   3.7572145e-02	   2.5386572e-02	   1.7484052e-02	   1.1553228e-02	   6.9997907e-03	
   2.1145612e-01	   2.1968955e-01	   2.5247622e-01	   2.5839239e-01	   2.4502683e-01	   2.2103357e-01	   1.9025517e-01	   1.6319478e-01	   1.4155824e-01	   1.2049276e-01	   1.0365713e-01	   8.1079781e-02	   6.1533749e-02	   4.5648694e-02	   3.1816721e-02	   2.0229340e-02	   1.2923300e-02	   9.7812925e-03	   6.8675876e-03	   4.3082833e-03	
   2.1367908e-01	   2.3298496e-01	   2.3464352e-01	   2.1649045e-01	   1.9305485e-01	   1.6639048e-01	   1.4032042e-01	   1.1797780e-01	   1.0079554e-01	   8.3682954e-02	   6.5713346e-02	   4.5953870e-02	   3.1434298e-02	   2.0921826e-02	   1.3571620e-02	   7.3747635e-03	   4.0343404e-03	   2.0030567e-03	   9.3758106e-04	   3.2722950e-04	
   2.1504164e-01	   2.2430676e-01	   2.6979697e-01	   2.8840595e-01	   2.7657908e-01	   2.5829756e-01	   2.3815137e-01	   2.1520662e-01	   1.9056354e-01	   1.6972035e-01	   1.4833051e-01	   1.1960346e-01	   9.4349504e-02	   7.1584940e-02	   5.3433836e-02	   3.8075447e-02	   2.6762962e-02	   1.9563062e-02	   1.3836920e-02	   8.9491606e-03	
   2.1859699e-01	   2.2592229e-01	   2.6895785e-01	   2.8555286e-01	   2.7586299e-01	   2.6012540e-01	   2.4049377e-01	   2.1800745e-01	   1.9403103e-01	   1.7335761e-01	   1.5152907e-01	   1.2490100e-01	   1.0049129e-01	   7.6576471e-02	   5.7282925e-02	   4.3582916e-02	   3.2815158e-02	   2.2946426e-02	   1.5910089e-02	   1.0802448e-02	
   3.1728536e-01	   3.5633928e-01	   4.1676289e-01	   4.3260652e-01	   4.1154337e-01	   3.7298614e-01	   3.2750922e-01	   2.8456187e-01	   2.4194574e-01	   1.9697249e-01	   1.5545058e-01	   1.2449986e-01	   9.9567890e-02	   7.9766631e-02	   6.0535491e-02	   4.4408441e-02	   3.3655643e-02	   2.7120863e-02	   2.2024572e-02	   1.8355012e-02	
   2.2879940e-01	   2.4071336e-01	   2.4209851e-01	   2.2938412e-01	   2.1138918e-01	   1.9282085e-01	   1.7383802e-01	   1.5162271e-01	   1.3644287e-01	   1.1792618e-01	   9.7645819e-02	   7.6626301e-02	   6.0463309e-02	   4.7094405e-02	   3.5007358e-02	   2.6939750e-02	   2.1802008e-02	   1.7672743e-02	   1.2600780e-02	   8.4346533e-03	
   2.6818156e-01	   1.7896646e-01	   2.2026610e-01	   2.5679183e-01	   2.7825081e-01	   2.8797674e-01	   2.9099303e-01	   3.0025089e-01	   2.9621874e-01	   2.7405655e-01	   2.5040144e-01	   2.3014861e-01	   2.1080637e-01	   1.9429415e-01	   1.7832720e-01	   1.7139751e-01	   1.5639782e-01	   1.3186387e-01	   1.0803992e-01	   8.4837258e-02	
   2.4468994e-01	   2.4936926e-01	   2.6810092e-01	   2.6891929e-01	   2.5979942e-01	   2.4231404e-01	   2.2530806e-01	   2.0914358e-01	   1.9583402e-01	   1.7509675e-01	   1.4761722e-01	   1.2202412e-01	   9.9875152e-02	   8.2003534e-02	   6.8944514e-02	   5.8268726e-02	   4.9009383e-02	   4.2550291e-02	   3.0887008e-02	   1.6024947e-02	
   2.3479766e-01	   1.8430692e-01	   2.0430619e-01	   2.1179748e-01	   2.0838463e-01	   2.0267534e-01	   1.9587272e-01	   1.9330323e-01	   1.8921512e-01	   1.8013602e-01	   1.6455632e-01	   1.5784562e-01	   1.5385729e-01	   1.5316087e-01	   1.6099137e-01	   1.8466294e-01	   2.1969151e-01	   2.6694345e-01	   2.4797738e-01	   1.9462991e-01	
   2.1798104e-01	   2.2427320e-01	   2.4561429e-01	   2.5306112e-01	   2.4678183e-01	   2.3318189e-01	   2.1669418e-01	   2.0034903e-01	   1.8667480e-01	   1.6738558e-01	   1.4495724e-01	   1.2254059e-01	   1.0158092e-01	   8.5913122e-02	   7.1318686e-02	   5.7825804e-02	   4.7424018e-02	   3.9532525e-02	   3.0974984e-02	   2.2457719e-02	
   2.0934004e-01	   2.0898283e-01	   2.3295486e-01	   2.4586034e-01	   2.4531788e-01	   2.3513049e-01	   2.2340018e-01	   2.1204424e-01	   1.9967011e-01	   1.8054181e-01	   1.5983659e-01	   1.4162260e-01	   1.2113994e-01	   1.0488129e-01	   9.1498256e-02	   7.9625487e-02	   6.9415808e-02	   6.3051428e-02	   5.1681399e-02	   4.0608406e-02	
   1.4285517e-01	   1.3348591e-01	   1.5698630e-01	   1.7186052e-01	   1.7649627e-01	   1.7356783e-01	   1.6553307e-01	   1.6160363e-01	   1.5773044e-01	   1.4376992e-01	   1.2442386e-01	   1.0673827e-01	   8.7261438e-02	   7.0810139e-02	   5.8615088e-02	   4.6176493e-02	   3.7789881e-02	   3.1098638e-02	   2.3899734e-02	   1.6051531e-02	
   1.9196385e-01	   1.8819416e-01	   2.0622718e-01	   2.0864242e-01	   2.0135534e-01	   1.8651414e-01	   1.6654438e-01	   1.5182614e-01	   1.3814844e-01	   1.2002027e-01	   1.0066891e-01	   8.3724499e-02	   6.7897856e-02	   5.3493738e-02	   4.0676057e-02	   3.1159937e-02	   2.4455488e-02	   1.9938673e-02	   1.5102744e-02	   1.0198772e-02	
   2.9276907e-01	   3.4259760e-01	   4.1151971e-01	   4.2765319e-01	   4.1010922e-01	   3.7625414e-01	   3.4050435e-01	   3.0930984e-01	   2.7739940e-01	   2.4422222e-01	   2.1594805e-01	   1.8219340e-01	   1.4815474e-01	   1.1795110e-01	   9.1979325e-02	   7.1678340e-02	   5.5598676e-02	   4.4215815e-02	   3.4862041e-02	   2.5132537e-02	
   2.8364253e-01	   2.4171805e-01	   2.5241876e-01	   2.5251281e-01	   2.4475580e-01	   2.3323190e-01	   2.2232628e-01	   2.1558416e-01	   2.0840917e-01	   1.8748242e-01	   1.5797353e-01	   1.3360184e-01	   1.1590451e-01	   9.8746657e-02	   8.4091246e-02	   7.6203942e-02	   6.9926023e-02	   6.5098286e-02	   4.8979342e-02	   3.2598376e-02	
   2.4703759e-01	   2.3783964e-01	   2.4440163e-01	   2.3901975e-01	   2.2853023e-01	   2.1484065e-01	   1.9948280e-01	   1.8712193e-01	   1.7922592e-01	   1.6022223e-01	   1.3189560e-01	   1.0997850e-01	   9.1280222e-02	   7.5430512e-02	   6.4030230e-02	   5.9637129e-02	   5.9462190e-02	   6.3261305e-02	   5.2140832e-02	   3.9182305e-02	
   2.4912375e-01	   2.4138337e-01	   2.5092828e-01	   2.4614757e-01	   2.3490274e-01	   2.2127497e-01	   2.0822942e-01	   2.0323801e-01	   2.0143318e-01	   1.8483829e-01	   1.5679997e-01	   1.3103729e-01	   1.0940433e-01	   9.1813445e-02	   7.8663409e-02	   7.1460128e-02	   6.6547990e-02	   6.3648973e-02	   5.1140785e-02	   3.7169218e-02	
   2.3352098e-01	   2.5896996e-01	   2.8990167e-01	   2.9589766e-01	   2.8419715e-01	   2.6699728e-01	   2.4622667e-01	   2.2600353e-01	   1.9777407e-01	   1.7211151e-01	   1.4679271e-01	   1.2529093e-01	   1.0741544e-01	   8.9277208e-02	   7.4848890e-02	   5.9863925e-02	   4.1875184e-02	   2.8020178e-02	   1.8917978e-02	   1.2082934e-02	
   2.3684746e-01	   2.2004002e-01	   2.1518201e-01	   2.0047885e-01	   1.7747623e-01	   1.5380377e-01	   1.3092119e-01	   1.1531091e-01	   1.0039909e-01	   8.4699154e-02	   7.1919441e-02	   6.3784301e-02	   5.7152152e-02	   5.3615808e-02	   5.0472438e-02	   5.0657988e-02	   5.4324746e-02	   6.1928545e-02	   5.4716766e-02	   4.0711462e-02	
   1.9778931e-01	   1.7226267e-01	   1.7470556e-01	   1.8233883e-01	   1.9487154e-01	   2.0747709e-01	   2.2089446e-01	   2.3436081e-01	   2.4960947e-01	   2.5789261e-01	   2.5917900e-01	   2.6078188e-01	   2.6325190e-01	   2.6205510e-01	   2.6285017e-01	   2.6443821e-01	   2.6331604e-01	   2.6275383e-01	   2.4602032e-01	   2.2475952e-01	
   1.8220687e-01	   1.6084558e-01	   1.6089940e-01	   1.6141987e-01	   1.6080207e-01	   1.5931404e-01	   1.5619773e-01	   1.5442073e-01	   1.5206909e-01	   1.5564609e-01	   1.6044730e-01	   1.6503304e-01	   1.6909081e-01	   1.7600960e-01	   1.8102217e-01	   1.8786979e-01	   1.9929540e-01	   2.0667907e-01	   1.9073159e-01	   1.6661310e-01	
   1.6007507e-01	   1.5034050e-01	   1.5852541e-01	   1.6543782e-01	   1.6460794e-01	   1.5945095e-01	   1.5572852e-01	   1.4752907e-01	   1.3843025e-01	   1.3611436e-01	   1.3767684e-01	   1.3746327e-01	   1.3863850e-01	   1.4564115e-01	   1.5335667e-01	   1.5947813e-01	   1.6674268e-01	   1.7986986e-01	   1.7025506e-01	   1.5468216e-01	
   1.7144781e-01	   1.5936124e-01	   1.6278720e-01	   1.6338289e-01	   1.6144919e-01	   1.5845352e-01	   1.5292400e-01	   1.4799893e-01	   1.4099332e-01	   1.4312106e-01	   1.4824653e-01	   1.4972103e-01	   1.5433502e-01	   1.6146445e-01	   1.6584235e-01	   1.6928679e-01	   1.7894620e-01	   1.9266360e-01	   1.8016648e-01	   1.6143960e-01	
   2.4024856e-01	   2.3966628e-01	   2.5585437e-01	   2.6656693e-01	   2.7262276e-01	   2.7101868e-01	   2.6482332e-01	   2.5655770e-01	   2.5142438e-01	   2.3860174e-01	   2.2127104e-01	   2.0388472e-01	   1.8775201e-01	   1.7361689e-01	   1.6258800e-01	   1.5184540e-01	   1.4627749e-01	   1.4444406e-01	   1.3321948e-01	   1.2251467e-01	
   2.2190768e-01	   2.3116642e-01	   2.4706209e-01	   2.5507343e-01	   2.5993162e-01	   2.5704426e-01	   2.5500411e-01	   2.5483787e-01	   2.5576299e-01	   2.4500191e-01	   2.2995681e-01	   2.0896387e-01	   1.9109905e-01	   1.7510974e-01	   1.6107875e-01	   1.4700443e-01	   1.3489819e-01	   1.2383699e-01	   1.0654134e-01	   9.0490818e-02	
   1.7083848e-01	   1.6440231e-01	   1.8798661e-01	   2.1011525e-01	   2.3574811e-01	   2.6138663e-01	   2.9363483e-01	   3.2510561e-01	   3.2975544e-01	   3.2804942e-01	   3.2283223e-01	   3.2224721e-01	   3.2055920e-01	   3.1932241e-01	   3.2055217e-01	   3.1281108e-01	   2.8916276e-01	   2.6724625e-01	   2.4869263e-01	   2.3194969e-01	
   1.5270954e-01	   1.2891167e-01	   1.3505822e-01	   1.4408499e-01	   1.5557986e-01	   1.7053527e-01	   1.8804801e-01	   2.1061498e-01	   2.3899221e-01	   2.5140947e-01	   2.5346231e-01	   2.5223094e-01	   2.5269800e-01	   2.5368214e-01	   2.5350946e-01	   2.5101298e-01	   2.4539959e-01	   2.3956381e-01	   2.2097689e-01	   2.0023984e-01	
   1.6344696e-01	   1.5145284e-01	   1.4967233e-01	   1.5284926e-01	   1.5410596e-01	   1.5258193e-01	   1.4877039e-01	   1.4343548e-01	   1.3653973e-01	   1.3348746e-01	   1.3407183e-01	   1.3451153e-01	   1.3376433e-01	   1.3538826e-01	   1.3739401e-01	   1.4408958e-01	   1.5557528e-01	   1.6988795e-01	   1.6112959e-01	   1.4846569e-01	
